Data Type:                         ULM Mobile Sounding Data/Ascending
Project ID:                        VORTEX-SE_2017
Release Site Type/Site ID:         Hollywood, AL
Release Location (lon,lat,alt):    085 57.40'W, 34 43.01'N, -85.957, 34.717, 189.0
UTC Release Time (y,m,d,h,m,s):    2017, 04, 30, 17:54:00
Radiosonde Type:                   iMet-1-ABxn
Ground Station Software:           iMetOS-II software version 03.90.0C.
/
/
/
/
Nominal Release Time (y,m,d,h,m,s):2017, 04, 30, 17:54:00
 Time  Press  Temp  Dewpt  RH    Ucmp   Vcmp   spd   dir   Wcmp     Lon     Lat   Ele   MixR   Alt    Qp   Qt   Qrh  Qu   Qv   QdZ
  sec    mb     C     C     %     m/s    m/s   m/s   deg   m/s      deg     deg   deg   g/kg    m    code code code code code code
------ ------ ----- ----- ----- ------ ------ ----- ----- ----- -------- ------- ----- ----- ------- ---- ---- ---- ---- ---- ----
   0.0 9999.0 999.0 999.0 999.0 9999.0 9999.0 999.0 999.0 999.0  -85.957  34.717 999.0 999.0   189.0  9.0  9.0  9.0  9.0  9.0  9.0
  56.0  991.5  26.2  16.4  53.9    0.2   13.0  13.0 181.0   0.4  -85.957  34.717 999.0 999.0   213.5  2.0  2.0  2.0  1.0  1.0 99.0
  61.0  988.9  25.7  16.1  54.4    0.0   13.1  13.1 180.0   4.6  -85.957  34.717 999.0 999.0   236.5  2.0  2.0  2.0  1.0  1.0 99.0
  66.0  986.0  25.4  15.6  53.8    0.5   13.3  13.3 182.0   5.2  -85.957  34.718 999.0 999.0   262.2  2.0  2.0  2.0  1.0  1.0 99.0
  71.0  983.2  24.9  15.4  55.0    0.2   13.5  13.5 181.0   5.1  -85.957  34.718 999.0 999.0   287.7  2.0  2.0  2.0  1.0  1.0 99.0
  76.0  980.4  24.5  15.5  56.3    0.2   13.4  13.4 181.0   5.0  -85.957  34.719 999.0 999.0   312.5  2.0  2.0  2.0  1.0  1.0 99.0
  81.0  977.5  24.3  15.5  57.3    0.2   13.5  13.5 181.0   5.1  -85.957  34.720 999.0 999.0   337.9  1.0  1.0  1.0  1.0  1.0 99.0
  86.0  974.7  24.2  15.6  58.0    0.0   14.5  14.5 180.0   5.0  -85.957  34.721 999.0 999.0   362.8  1.0  1.0  1.0  1.0  1.0 99.0
  91.0  971.9  24.0  15.6  58.6    0.0   15.0  15.0 180.0   5.0  -85.957  34.721 999.0 999.0   387.6  1.0  1.0  1.0  1.0  1.0 99.0
  96.0  969.2  23.8  15.6  59.5   -0.3   14.9  14.9 179.0   4.9  -85.956  34.722 999.0 999.0   412.4  1.0  1.0  1.0  1.0  1.0 99.0
 101.0  966.5  23.6  15.4  59.5    0.0   15.0  15.0 180.0   4.9  -85.957  34.723 999.0 999.0   436.9  1.0  1.0  1.0  1.0  1.0 99.0
 106.0  963.7  23.3  15.3  60.2    0.0   15.1  15.1 180.0   4.9  -85.957  34.723 999.0 999.0   461.5  1.0  1.0  1.0  1.0  1.0 99.0
 111.0  961.0  23.1  15.4  61.3    0.0   15.1  15.1 180.0   5.0  -85.957  34.724 999.0 999.0   486.4  2.0  2.0  2.0  1.0  1.0 99.0
 116.0  958.1  22.7  15.2  62.0   -0.3   15.0  15.0 179.0   5.1  -85.957  34.725 999.0 999.0   512.1  2.0  2.0  2.0  1.0  1.0 99.0
 121.0  955.2  22.6  15.3  62.7    0.0   15.2  15.2 180.0   5.3  -85.957  34.725 999.0 999.0   538.4  1.0  1.0  1.0  1.0  1.0 99.0
 126.0  952.2  22.3  15.2  63.4   -0.5   15.7  15.7 178.0   5.4  -85.957  34.726 999.0 999.0   565.6  1.0  1.0  1.0  1.0  1.0 99.0
 131.0  949.2  21.9  14.9  63.5   -0.3   15.6  15.6 179.0   5.5  -85.957  34.727 999.0 999.0   593.1  1.0  1.0  1.0  1.0  1.0 99.0
 136.0  946.2  21.8  14.9  64.3   -0.3   15.9  15.9 179.0   5.5  -85.957  34.727 999.0 999.0   620.4  1.0  1.0  1.0  1.0  1.0 99.0
 141.0  943.2  21.5  14.8  65.1   -0.3   15.8  15.8 179.0   5.4  -85.957  34.728 999.0 999.0   647.5  1.0  1.0  1.0  1.0  1.0 99.0
 146.0  940.2  21.3  14.6  65.1   -0.6   15.8  15.8 178.0   5.5  -85.957  34.729 999.0 999.0   675.1  1.0  1.0  1.0  1.0  1.0 99.0
 151.0  937.1  21.1  14.6  65.9   -0.6   15.9  15.9 178.0   5.7  -85.957  34.729 999.0 999.0   703.7  1.0  1.0  1.0  1.0  1.0 99.0
 156.0  933.9  20.8  14.4  66.3   -0.3   15.7  15.7 179.0   5.9  -85.957  34.730 999.0 999.0   733.4  1.0  1.0  1.0  1.0  1.0 99.0
 161.0  930.6  20.5  14.5  67.6   -0.5   15.4  15.4 178.0   6.1  -85.957  34.731 999.0 999.0   763.8  1.0  1.0  1.0  1.0  1.0 99.0
 166.0  927.2  20.2  14.4  68.9   -0.5   15.4  15.4 178.0   6.2  -85.957  34.732 999.0 999.0   794.9  1.0  1.0  1.0  1.0  1.0 99.0
 171.0  923.8  19.8  14.1  69.4   -0.8   15.2  15.2 177.0   6.3  -85.957  34.732 999.0 999.0   826.5  1.0  1.0  1.0  1.0  1.0 99.0
 176.0  920.4  19.4  14.0  70.2   -0.5   15.3  15.3 178.0   6.4  -85.957  34.733 999.0 999.0   858.4  1.0  1.0  1.0  1.0  1.0 99.0
 181.0  916.9  19.1  13.9  71.3   -0.5   15.5  15.5 178.0   6.4  -85.957  34.734 999.0 999.0   890.6  1.0  1.0  1.0  1.0  1.0 99.0
 186.0  913.5  18.9  13.9  72.3   -0.5   15.1  15.1 178.0   6.4  -85.957  34.734 999.0 999.0   922.8  1.0  1.0  1.0  1.0  1.0 99.0
 191.0  910.2  18.6  13.8  73.1   -0.8   15.2  15.2 177.0   6.1  -85.957  34.735 999.0 999.0   953.3  1.0  1.0  1.0  1.0  1.0 99.0
 196.0  907.1  18.4  13.7  74.0   -0.8   15.6  15.6 177.0   5.7  -85.957  34.736 999.0 999.0   982.0  1.0  1.0  1.0  1.0  1.0 99.0
 201.0  904.4  18.1  13.7  75.2   -0.3   15.9  15.9 179.0   5.3  -85.957  34.736 999.0 999.0  1008.2  1.0  1.0  1.0  1.0  1.0 99.0
 206.0  901.8  17.8  13.7  76.1   -0.3   16.0  16.0 179.0   4.8  -85.957  34.737 999.0 999.0  1032.4  1.0  1.0  1.0  1.0  1.0 99.0
 211.0  899.4  17.7  13.8  77.7   -0.3   15.9  15.9 179.0   4.6  -85.957  34.738 999.0 999.0  1055.3  1.0  1.0  1.0  1.0  1.0 99.0
 216.0  897.0  17.5  13.6  77.7   -0.3   16.5  16.5 179.0   4.4  -85.957  34.738 999.0 999.0  1077.4  1.0  1.0  1.0  1.0  1.0 99.0
 221.0  894.8  17.4  13.6  77.8    0.0   16.4  16.4 180.0   4.3  -85.957  34.739 999.0 999.0  1099.2  1.0  1.0  1.0  1.0  1.0 99.0
 226.0  892.6  17.3  13.6  78.2    0.0   16.4  16.4 180.0   4.0  -85.957  34.740 999.0 999.0  1119.3  1.0  1.0  1.0  1.0  1.0 99.0
 231.0  890.6  17.1  13.4  78.3    0.6   16.6  16.6 182.0   3.8  -85.957  34.741 999.0 999.0  1138.2  1.0  1.0  1.0  1.0  1.0 99.0
 236.0  888.7  16.9  13.2  78.9    0.6   16.6  16.6 182.0   3.7  -85.957  34.742 999.0 999.0  1156.6  2.0  2.0  2.0  1.0  1.0 99.0
 241.0  886.8  16.6  13.2  79.6    0.6   16.3  16.3 182.0   3.7  -85.957  34.742 999.0 999.0  1175.3  2.0  2.0  2.0  1.0  1.0 99.0
 246.0  884.7  16.5  13.4  81.9    0.9   16.5  16.5 183.0   3.9  -85.957  34.743 999.0 999.0  1194.7  1.0  1.0  1.0  1.0  1.0 99.0
 251.0  882.7  16.3  13.3  81.9    0.9   16.6  16.6 183.0   3.9  -85.957  34.744 999.0 999.0  1214.4  1.0  1.0  1.0  1.0  1.0 99.0
 256.0  880.6  16.2  13.5  84.0    0.6   16.5  16.5 182.0   4.0  -85.957  34.744 999.0 999.0  1234.3  1.0  1.0  1.0  1.0  1.0 99.0
 261.0  878.6  16.0  13.4  84.4    0.3   16.4  16.4 181.0   3.8  -85.957  34.745 999.0 999.0  1253.3  1.0  1.0  1.0  1.0  1.0 99.0
 266.0  876.6  15.8  13.2  84.7    0.6   16.4  16.4 182.0   3.9  -85.957  34.746 999.0 999.0  1273.0  1.0  1.0  1.0  1.0  1.0 99.0
 271.0  874.5  15.5  13.1  85.2    0.6   16.7  16.7 182.0   4.1  -85.957  34.747 999.0 999.0  1293.3  1.0  1.0  1.0  1.0  1.0 99.0
 276.0  872.3  15.4  12.9  85.0    0.3   16.7  16.7 181.0   4.3  -85.957  34.747 999.0 999.0  1314.6  1.0  1.0  1.0  1.0  1.0 99.0
 281.0  870.0  15.2  12.8  85.1    0.3   17.4  17.4 181.0   4.3  -85.957  34.748 999.0 999.0  1336.4  1.0  1.0  1.0  1.0  1.0 99.0
 286.0  867.8  15.0  12.9  87.0    0.0   17.8  17.8 180.0   4.4  -85.957  34.749 999.0 999.0  1358.5  1.0  1.0  1.0  1.0  1.0 99.0
 291.0  865.4  14.8  12.8  87.6    0.0   17.9  17.9 180.0   4.6  -85.957  34.750 999.0 999.0  1381.4  1.0  1.0  1.0  1.0  1.0 99.0
 296.0  863.1  14.7  12.5  86.8   -0.3   18.2  18.2 179.0   4.5  -85.957  34.751 999.0 999.0  1404.1  1.0  1.0  1.0  1.0  1.0 99.0
 301.0  860.7  14.4  12.4  87.8   -0.6   18.5  18.5 178.0   4.6  -85.957  34.751 999.0 999.0  1427.0  1.0  1.0  1.0  1.0  1.0 99.0
 306.0  858.4  14.2  12.4  89.0   -0.6   18.6  18.6 178.0   4.6  -85.957  34.752 999.0 999.0  1450.1  1.0  1.0  1.0  1.0  1.0 99.0
 311.0  856.0  14.0  12.3  89.5   -0.7   18.9  18.9 178.0   4.6  -85.957  34.753 999.0 999.0  1473.3  1.0  1.0  1.0  1.0  1.0 99.0
 316.0  853.7  14.0  12.2  88.7   -0.3   18.9  18.9 179.0   4.6  -85.957  34.754 999.0 999.0  1496.2  1.0  1.0  1.0  1.0  1.0 99.0
 321.0  851.4  13.8  12.0  88.9   -0.3   19.6  19.6 179.0   4.6  -85.957  34.755 999.0 999.0  1519.2  1.0  1.0  1.0  1.0  1.0 99.0
 326.0  849.1  13.5  11.7  88.5   -0.3   19.7  19.7 179.0   4.5  -85.957  34.756 999.0 999.0  1541.9  1.0  1.0  1.0  1.0  1.0 99.0
 331.0  846.7  13.4  11.7  89.4   -0.4   20.1  20.1 179.0   4.6  -85.957  34.757 999.0 999.0  1564.9  1.0  1.0  1.0  1.0  1.0 99.0
 336.0  844.3  13.2  11.6  89.8    0.0   20.4  20.4 180.0   4.8  -85.957  34.757 999.0 999.0  1588.7  1.0  1.0  1.0  1.0  1.0 99.0
 341.0  841.8  12.9  11.5  90.8    0.4   20.1  20.1 181.0   5.0  -85.957  34.758 999.0 999.0  1613.8  1.0  1.0  1.0  1.0  1.0 99.0
 346.0  839.2  12.7  11.4  91.7    0.4   20.3  20.3 181.0   5.2  -85.957  34.759 999.0 999.0  1639.6  1.0  1.0  1.0  1.0  1.0 99.0
 351.0  836.5  12.6  11.2  91.5    0.4   20.2  20.2 181.0   5.4  -85.957  34.760 999.0 999.0  1666.5  1.0  1.0  1.0  1.0  1.0 99.0
 356.0  833.8  12.3  11.1  92.3    1.1   20.3  20.3 183.0   5.5  -85.957  34.761 999.0 999.0  1694.1  1.0  1.0  1.0  1.0  1.0 99.0
 361.0  830.9  12.1  10.9  92.4    1.1   20.1  20.1 183.0   5.7  -85.957  34.762 999.0 999.0  1722.6  1.0  1.0  1.0  1.0  1.0 99.0
 366.0  828.0  11.9  10.9  93.4    1.8   20.1  20.2 185.0   5.9  -85.957  34.763 999.0 999.0  1751.9  1.0  1.0  1.0  1.0  1.0 99.0
 371.0  825.0  11.5  10.7  94.7    2.1   19.8  19.9 186.0   6.0  -85.957  34.764 999.0 999.0  1782.0  1.0  1.0  1.0  1.0  1.0 99.0
 376.0  822.1  11.4  10.7  95.5    2.5   20.0  20.2 187.0   5.9  -85.957  34.765 999.0 999.0  1811.5  1.0  1.0  1.0  1.0  1.0 99.0
 381.0  819.2  11.3  10.8  96.6    3.2   20.1  20.3 189.0   5.8  -85.957  34.766 999.0 999.0  1840.5  1.0  1.0  1.0  1.0  1.0 99.0
 386.0  816.4  11.3  11.0  97.6    3.3   20.6  20.9 189.0   5.7  -85.956  34.767 999.0 999.0  1869.1  1.0  1.0  1.0  1.0  1.0 99.0
 391.0  813.7  11.2  10.8  97.4    4.0   20.7  21.1 191.0   5.6  -85.956  34.767 999.0 999.0  1897.1  1.0  1.0  1.0  1.0  1.0 99.0
 396.0  811.0  11.1  10.7  97.2    4.5   21.0  21.5 192.0   5.5  -85.956  34.768 999.0 999.0  1924.6  1.0  1.0  1.0  1.0  1.0 99.0
 401.0  808.4  11.0  10.6  97.1    5.0   21.6  22.2 193.0   5.3  -85.956  34.769 999.0 999.0  1951.3  3.0  3.0  3.0  1.0  1.0 99.0
 406.0  805.9   9.8   8.0  88.1    5.5   21.9  22.6 194.0   5.2  -85.956  34.770 999.0 999.0  1977.4  3.0  3.0  3.0  1.0  1.0 99.0
 411.0  803.5   8.9   4.7  74.9    5.7   22.7  23.4 194.0   5.0  -85.955  34.771 999.0 999.0  2002.4  3.0  3.0  3.0  1.0  1.0 99.0
 416.0  801.1   8.8   3.9  71.1    6.2   23.0  23.8 195.0   4.9  -85.955  34.772 999.0 999.0  2026.7  1.0  1.0  1.0  1.0  1.0 99.0
 421.0  798.8   8.7   3.1  67.7    6.8   23.6  24.6 196.0   4.8  -85.954  34.773 999.0 999.0  2050.5  1.0  1.0  1.0  1.0  1.0 99.0
 426.0  796.5   8.9   3.0  66.4    6.5   24.3  25.2 195.0   4.7  -85.954  34.774 999.0 999.0  2073.9  1.0  1.0  1.0  1.0  1.0 99.0
 431.0  794.3   8.8   1.8  61.2    7.2   25.1  26.1 196.0   4.5  -85.954  34.776 999.0 999.0  2096.6  1.0  1.0  1.0  1.0  1.0 99.0
 436.0  792.1   9.0   1.1  57.7    7.2   25.1  26.1 196.0   4.6  -85.953  34.777 999.0 999.0  2119.6  1.0  1.0  1.0  1.0  1.0 99.0
 441.0  789.9   9.0   0.1  53.5    7.2   25.1  26.1 196.0   4.7  -85.953  34.778 999.0 999.0  2142.9  1.0  1.0  1.0  1.0  1.0 99.0
 446.0  787.7   9.4   0.2  52.2    7.2   25.0  26.0 196.0   4.7  -85.952  34.779 999.0 999.0  2166.2  1.0  1.0  1.0  1.0  1.0 99.0
 451.0  785.4  10.1   0.3  50.2    7.6   24.9  26.0 197.0   4.7  -85.952  34.780 999.0 999.0  2189.6  1.0  1.0  1.0  1.0  1.0 99.0
 456.0  783.2  10.4  -1.0  44.7    7.5   24.7  25.8 197.0   4.7  -85.952  34.781 999.0 999.0  2213.1  1.0  1.0  1.0  1.0  1.0 99.0
 461.0  781.0  10.6  -1.1  43.9    7.5   24.6  25.7 197.0   4.6  -85.951  34.783 999.0 999.0  2236.3  1.0  1.0  1.0  1.0  1.0 99.0
 466.0  778.9  11.0  -1.1  42.7    7.5   24.5  25.6 197.0   4.5  -85.951  34.784 999.0 999.0  2259.0  1.0  1.0  1.0  1.0  1.0 99.0
 471.0  776.8  10.9  -0.8  43.6    7.4   24.2  25.3 197.0   4.5  -85.950  34.785 999.0 999.0  2281.4  1.0  1.0  1.0  1.0  1.0 99.0
 476.0  774.8  10.8  -0.8  44.0    7.8   24.0  25.2 198.0   4.3  -85.950  34.786 999.0 999.0  2303.0  1.0  1.0  1.0  1.0  1.0 99.0
 481.0  772.9  10.7  -0.6  45.4    7.7   23.7  24.9 198.0   4.1  -85.950  34.787 999.0 999.0  2323.8  1.0  1.0  1.0  1.0  1.0 99.0
 486.0  771.0  10.5  -0.3  46.6    8.0   23.2  24.5 199.0   4.0  -85.949  34.788 999.0 999.0  2344.0  1.0  1.0  1.0  1.0  1.0 99.0
 491.0  769.1  10.5   0.9  50.9    7.9   23.0  24.3 199.0   4.0  -85.949  34.789 999.0 999.0  2363.9  1.0  1.0  1.0  1.0  1.0 99.0
 496.0  767.3  10.3   1.1  52.6    8.7   22.7  24.3 201.0   3.9  -85.948  34.790 999.0 999.0  2383.5  1.0  1.0  1.0  1.0  1.0 99.0
 501.0  765.5  10.1   1.3  54.0    8.6   22.5  24.1 201.0   3.9  -85.948  34.791 999.0 999.0  2403.0  1.0  1.0  1.0  1.0  1.0 99.0
 506.0  763.7   9.9   1.4  55.2    9.0   22.3  24.0 202.0   4.0  -85.947  34.792 999.0 999.0  2422.9  1.0  1.0  1.0  1.0  1.0 99.0
 511.0  761.8   9.7   1.8  57.3    8.9   22.0  23.7 202.0   4.1  -85.947  34.793 999.0 999.0  2443.3  1.0  1.0  1.0  1.0  1.0 99.0
 516.0  759.9   9.6   2.5  60.8    9.2   21.7  23.6 203.0   4.2  -85.946  34.794 999.0 999.0  2464.2  1.0  1.0  1.0  1.0  1.0 99.0
 521.0  757.9   9.3   2.8  63.7    9.3   21.8  23.7 203.0   4.3  -85.946  34.795 999.0 999.0  2485.7  1.0  1.0  1.0  1.0  1.0 99.0
 526.0  755.9   9.2   3.4  66.9    9.1   21.5  23.4 203.0   4.4  -85.945  34.796 999.0 999.0  2507.5  1.0  1.0  1.0  1.0  1.0 99.0
 531.0  753.9   9.1   3.7  68.6    9.5   21.3  23.3 204.0   4.5  -85.945  34.797 999.0 999.0  2529.9  1.0  1.0  1.0  1.0  1.0 99.0
 536.0  751.8   9.1   3.2  66.0    9.5   21.4  23.4 204.0   4.5  -85.944  34.798 999.0 999.0  2552.4  1.0  1.0  1.0  1.0  1.0 99.0
 541.0  749.8   9.0   2.9  65.2    9.5   21.4  23.4 204.0   4.6  -85.944  34.799 999.0 999.0  2575.1  1.0  1.0  1.0  1.0  1.0 99.0
 546.0  747.7   8.9   2.6  64.3    9.4   21.2  23.2 204.0   4.5  -85.943  34.800 999.0 999.0  2597.7  1.0  1.0  1.0  1.0  1.0 99.0
 551.0  745.6   8.8   2.3  63.1    9.0   21.3  23.1 203.0   4.5  -85.943  34.801 999.0 999.0  2620.4  1.0  1.0  1.0  1.0  1.0 99.0
 556.0  743.6   8.8   1.9  61.3    9.0   21.3  23.1 203.0   4.5  -85.942  34.802 999.0 999.0  2642.9  1.0  1.0  1.0  1.0  1.0 99.0
 561.0  741.6   8.8   1.5  60.0    9.1   21.4  23.2 203.0   4.6  -85.942  34.802 999.0 999.0  2665.7  1.0  1.0  1.0  1.0  1.0 99.0
 566.0  739.5   8.7   1.2  58.9    8.7   21.4  23.1 202.0   4.6  -85.941  34.803 999.0 999.0  2688.9  1.0  1.0  1.0  1.0  1.0 99.0
 571.0  737.4   8.6   0.8  57.8    8.7   21.6  23.3 202.0   4.7  -85.941  34.804 999.0 999.0  2712.3  1.0  1.0  1.0  1.0  1.0 99.0
 576.0  735.3   8.4   0.7  57.9    8.8   21.7  23.4 202.0   4.7  -85.940  34.805 999.0 999.0  2735.9  1.0  1.0  1.0  1.0  1.0 99.0
 581.0  733.1   8.3  -0.3  54.0    8.7   21.4  23.1 202.0   4.8  -85.940  34.806 999.0 999.0  2759.9  1.0  1.0  1.0  1.0  1.0 99.0
 586.0  731.0   8.3  -1.2  51.0    8.3   21.7  23.2 201.0   4.9  -85.939  34.807 999.0 999.0  2784.2  1.0  1.0  1.0  1.0  1.0 99.0
 591.0  728.8   8.1  -1.7  49.8    8.3   21.8  23.3 201.0   4.9  -85.939  34.808 999.0 999.0  2808.9  1.0  1.0  1.0  1.0  1.0 99.0
 596.0  726.6   8.1  -3.4  43.6    8.3   21.7  23.2 201.0   5.0  -85.938  34.809 999.0 999.0  2833.6  1.0  1.0  1.0  1.0  1.0 99.0
 601.0  724.5   8.1  -4.3  40.9    8.8   21.7  23.4 202.0   4.9  -85.938  34.810 999.0 999.0  2858.0  1.0  1.0  1.0  1.0  1.0 99.0
 606.0  722.3   7.9  -3.7  43.3    8.7   21.5  23.2 202.0   4.9  -85.938  34.811 999.0 999.0  2882.5  1.0  1.0  1.0  1.0  1.0 99.0
 611.0  720.1   7.6  -1.3  53.0    9.1   21.5  23.4 203.0   4.9  -85.937  34.812 999.0 999.0  2907.2  1.0  1.0  1.0  1.0  1.0 99.0
 616.0  717.9   7.4   0.5  61.3    9.1   21.4  23.2 203.0   5.1  -85.937  34.813 999.0 999.0  2932.6  1.0  1.0  1.0  1.0  1.0 99.0
 621.0  715.6   7.1   0.8  64.0    9.4   21.2  23.2 204.0   5.2  -85.936  34.814 999.0 999.0  2958.7  1.0  1.0  1.0  1.0  1.0 99.0
 626.0  713.3   6.8   1.2  67.0    9.4   21.2  23.2 204.0   5.3  -85.936  34.815 999.0 999.0  2985.2  1.0  1.0  1.0  1.0  1.0 99.0
 631.0  711.0   6.5   1.5  69.8    9.8   21.0  23.2 205.0   5.4  -85.935  34.816 999.0 999.0  3012.1  1.0  1.0  1.0  1.0  1.0 99.0
 636.0  708.6   6.2   1.7  72.3    9.8   21.1  23.3 205.0   5.4  -85.934  34.817 999.0 999.0  3039.1  1.0  1.0  1.0  1.0  1.0 99.0
 641.0  706.3   6.0   2.0  75.3   10.2   20.9  23.2 206.0   5.5  -85.934  34.818 999.0 999.0  3066.4  1.0  1.0  1.0  1.0  1.0 99.0
 646.0  703.9   5.8   2.2  77.6   10.2   20.9  23.2 206.0   5.5  -85.933  34.819 999.0 999.0  3093.7  1.0  1.0  1.0  1.0  1.0 99.0
 651.0  701.6   5.6   2.7  81.6   10.5   20.6  23.1 207.0   5.4  -85.933  34.820 999.0 999.0  3120.9  1.0  1.0  1.0  1.0  1.0 99.0
 656.0  699.3   5.3   2.4  81.4   10.4   20.5  23.0 207.0   5.3  -85.932  34.821 999.0 999.0  3147.6  1.0  1.0  1.0  1.0  1.0 99.0
 661.0  697.0   5.1   2.4  82.4   10.4   20.3  22.8 207.0   5.3  -85.932  34.822 999.0 999.0  3174.2  1.0  1.0  1.0  1.0  1.0 99.0
 666.0  694.8   4.9   2.2  82.3   10.4   20.4  22.9 207.0   5.3  -85.931  34.823 999.0 999.0  3200.5  1.0  1.0  1.0  1.0  1.0 99.0
 671.0  692.6   4.8   1.6  79.9   10.3   20.1  22.6 207.0   5.2  -85.930  34.824 999.0 999.0  3226.3  1.0  1.0  1.0  1.0  1.0 99.0
 676.0  690.4   4.6   1.3  78.9   10.3   20.2  22.7 207.0   5.2  -85.930  34.824 999.0 999.0  3252.2  1.0  1.0  1.0  1.0  1.0 99.0
 681.0  688.2   4.5   0.6  75.2   10.3   20.2  22.7 207.0   5.1  -85.929  34.825 999.0 999.0  3277.6  1.0  1.0  1.0  1.0  1.0 99.0
 686.0  686.1   4.4   0.3  74.5    9.9   20.3  22.6 206.0   5.1  -85.929  34.826 999.0 999.0  3303.1  1.0  1.0  1.0  1.0  1.0 99.0
 691.0  683.9   4.3  -0.1  72.8    9.6   20.5  22.6 205.0   5.1  -85.928  34.827 999.0 999.0  3328.7  1.0  1.0  1.0  1.0  1.0 99.0
 696.0  681.7   4.2  -0.4  72.0    9.5   20.4  22.5 205.0   5.2  -85.928  34.828 999.0 999.0  3354.6  1.0  1.0  1.0  1.0  1.0 99.0
 701.0  679.5   4.0  -0.8  71.0    9.5   20.3  22.4 205.0   5.2  -85.927  34.829 999.0 999.0  3380.6  1.0  1.0  1.0  1.0  1.0 99.0
 706.0  677.3   3.8  -0.8  71.8    9.4   20.2  22.3 205.0   5.3  -85.927  34.830 999.0 999.0  3407.0  1.0  1.0  1.0  1.0  1.0 99.0
 711.0  675.1   3.7  -0.9  71.5    9.4   20.2  22.3 205.0   5.3  -85.926  34.831 999.0 999.0  3433.5  1.0  1.0  1.0  1.0  1.0 99.0
 716.0  672.9   3.8  -3.0  60.5    8.9   20.1  22.0 204.0   5.3  -85.926  34.832 999.0 999.0  3460.2  1.0  1.0  1.0  1.0  1.0 99.0
 721.0  670.7   3.9  -4.3  54.7    8.9   19.9  21.8 204.0   5.3  -85.925  34.833 999.0 999.0  3486.9  1.0  1.0  1.0  1.0  1.0 99.0
 726.0  668.5   3.6  -4.7  54.1    8.8   19.8  21.7 204.0   5.4  -85.925  34.834 999.0 999.0  3513.8  1.0  1.0  1.0  1.0  1.0 99.0
 731.0  666.3   3.5  -5.3  52.2    8.7   19.6  21.5 204.0   5.3  -85.924  34.834 999.0 999.0  3540.3  1.0  1.0  1.0  1.0  1.0 99.0
 736.0  664.1   3.3  -5.7  51.6    8.6   19.3  21.1 204.0   5.2  -85.924  34.835 999.0 999.0  3566.4  1.0  1.0  1.0  1.0  1.0 99.0
 741.0  662.1   3.1  -6.2  50.1    8.5   19.1  20.9 204.0   5.1  -85.923  34.836 999.0 999.0  3591.8  1.0  1.0  1.0  1.0  1.0 99.0
 746.0  660.0   3.1  -7.3  46.2    8.8   18.9  20.8 205.0   5.0  -85.923  34.837 999.0 999.0  3616.7  1.0  1.0  1.0  1.0  1.0 99.0
 751.0  658.0   3.0  -8.1  43.4    8.7   18.7  20.6 205.0   5.0  -85.922  34.838 999.0 999.0  3641.6  1.0  1.0  1.0  1.0  1.0 99.0
 756.0  656.0   3.1  -9.2  39.6    9.3   18.2  20.4 207.0   4.8  -85.922  34.839 999.0 999.0  3665.9  1.0  1.0  1.0  1.0  1.0 99.0
 761.0  654.1   3.0  -9.9  37.8    8.9   18.2  20.3 206.0   4.8  -85.921  34.839 999.0 999.0  3689.9  1.0  1.0  1.0  1.0  1.0 99.0
 766.0  652.2   2.8 -10.3  37.5    9.1   17.9  20.1 207.0   4.7  -85.921  34.840 999.0 999.0  3713.6  1.0  1.0  1.0  1.0  1.0 99.0
 771.0  650.3   2.6 -10.4  37.4    9.5   17.8  20.2 208.0   4.7  -85.920  34.841 999.0 999.0  3737.0  1.0  1.0  1.0  1.0  1.0 99.0
 776.0  648.4   2.5 -10.4  37.6    9.7   17.6  20.1 209.0   4.7  -85.920  34.842 999.0 999.0  3760.5  1.0  1.0  1.0  1.0  1.0 99.0
 781.0  646.5   2.3  -8.0  46.0   10.1   17.4  20.1 210.0   4.7  -85.919  34.843 999.0 999.0  3783.9  1.0  1.0  1.0  1.0  1.0 99.0
 786.0  644.6   2.4  -9.0  42.5   10.1   17.5  20.2 210.0   4.6  -85.919  34.843 999.0 999.0  3807.0  1.0  1.0  1.0  1.0  1.0 99.0
 791.0  642.9   2.3  -9.4  41.2   10.4   17.3  20.2 211.0   4.5  -85.918  34.844 999.0 999.0  3829.4  1.0  1.0  1.0  1.0  1.0 99.0
 796.0  641.1   2.2  -9.6  41.4   10.4   17.2  20.1 211.0   4.4  -85.918  34.845 999.0 999.0  3851.7  1.0  1.0  1.0  1.0  1.0 99.0
 801.0  639.4   2.0  -9.7  41.2   10.3   17.1  20.0 211.0   4.4  -85.917  34.846 999.0 999.0  3873.5  1.0  1.0  1.0  1.0  1.0 99.0
 806.0  637.6   1.9 -10.0  40.8   10.6   17.0  20.0 212.0   4.4  -85.916  34.847 999.0 999.0  3895.5  1.0  1.0  1.0  1.0  1.0 99.0
 811.0  635.9   1.7 -10.2  40.6   10.2   17.1  19.9 211.0   4.4  -85.916  34.847 999.0 999.0  3917.5  1.0  1.0  1.0  1.0  1.0 99.0
 816.0  634.1   1.6 -10.4  40.3   10.2   17.1  19.9 211.0   4.4  -85.915  34.848 999.0 999.0  3939.3  1.0  1.0  1.0  1.0  1.0 99.0
 821.0  632.5   1.4 -10.5  40.4   10.3   17.1  20.0 211.0   4.2  -85.915  34.849 999.0 999.0  3960.5  1.0  1.0  1.0  1.0  1.0 99.0
 826.0  630.8   1.6 -10.7  39.2   10.3   17.1  20.0 211.0   4.3  -85.914  34.850 999.0 999.0  3981.7  1.0  1.0  1.0  1.0  1.0 99.0
 831.0  629.1   1.5  -9.6  43.3    9.9   17.1  19.8 210.0   4.2  -85.914  34.850 999.0 999.0  4002.9  1.0  1.0  1.0  1.0  1.0 99.0
 836.0  627.5   1.4 -10.3  41.1    9.6   17.3  19.8 209.0   4.2  -85.913  34.851 999.0 999.0  4023.9  1.0  1.0  1.0  1.0  1.0 99.0
 841.0  625.9   1.5 -10.4  40.5    9.3   17.5  19.8 208.0   4.1  -85.913  34.852 999.0 999.0  4044.4  1.0  1.0  1.0  1.0  1.0 99.0
 846.0  624.3   1.4 -10.6  40.3    8.9   17.6  19.7 207.0   4.1  -85.912  34.853 999.0 999.0  4064.9  1.0  1.0  1.0  1.0  1.0 99.0
 851.0  622.8   1.5 -10.6  40.0    8.7   17.9  19.9 206.0   4.0  -85.912  34.853 999.0 999.0  4084.9  1.0  1.0  1.0  1.0  1.0 99.0
 856.0  621.2   1.3 -10.7  40.1    8.5   18.2  20.1 205.0   4.0  -85.911  34.854 999.0 999.0  4104.7  1.0  1.0  1.0  1.0  1.0 99.0
 861.0  619.7   1.1 -11.0  39.6    8.1   18.1  19.8 204.0   4.0  -85.910  34.855 999.0 999.0  4124.7  1.0  1.0  1.0  1.0  1.0 99.0
 866.0  618.1   1.0 -11.4  38.8    7.8   18.3  19.9 203.0   4.1  -85.910  34.856 999.0 999.0  4145.0  1.0  1.0  1.0  1.0  1.0 99.0
 871.0  616.5   1.0 -11.7  37.9    7.4   18.4  19.8 202.0   4.2  -85.910  34.857 999.0 999.0  4166.2  1.0  1.0  1.0  1.0  1.0 99.0
 876.0  614.8   0.9 -12.0  37.2    7.1   18.5  19.8 201.0   4.4  -85.909  34.858 999.0 999.0  4188.0  1.0  1.0  1.0  1.0  1.0 99.0
 881.0  613.1   0.7 -12.3  36.8    6.8   18.6  19.8 200.0   4.4  -85.909  34.858 999.0 999.0  4209.9  1.0  1.0  1.0  1.0  1.0 99.0
 886.0  611.5   0.6 -11.8  38.8    6.4   18.5  19.6 199.0   4.2  -85.908  34.859 999.0 999.0  4231.0  1.0  1.0  1.0  1.0  1.0 99.0
 891.0  609.9   0.5 -11.7  39.4    6.1   18.7  19.7 198.0   4.2  -85.908  34.860 999.0 999.0  4251.9  1.0  1.0  1.0  1.0  1.0 99.0
 896.0  608.4   0.3 -11.6  40.0    5.8   18.9  19.8 197.0   4.1  -85.908  34.861 999.0 999.0  4272.4  1.0  1.0  1.0  1.0  1.0 99.0
 901.0  606.8   0.4 -11.3  41.0    5.4   18.9  19.7 196.0   4.1  -85.908  34.862 999.0 999.0  4293.1  1.0  1.0  1.0  1.0  1.0 99.0
 906.0  605.3   0.3 -10.9  42.3    5.1   19.1  19.8 195.0   4.1  -85.907  34.863 999.0 999.0  4313.4  1.0  1.0  1.0  1.0  1.0 99.0
 911.0  603.8   0.3 -10.5  43.7    5.1   19.0  19.7 195.0   3.9  -85.907  34.864 999.0 999.0  4333.0  1.0  1.0  1.0  1.0  1.0 99.0
 916.0  602.3   0.2 -10.6  44.0    4.8   19.2  19.8 194.0   3.8  -85.907  34.864 999.0 999.0  4352.2  1.0  1.0  1.0  1.0  1.0 99.0
 921.0  600.9   0.0 -10.6  44.6    4.9   19.5  20.1 194.0   3.8  -85.906  34.865 999.0 999.0  4371.3  1.0  1.0  1.0  1.0  1.0 99.0
 926.0  599.4  -0.2 -10.2  46.3    4.5   19.5  20.0 193.0   3.9  -85.906  34.866 999.0 999.0  4391.0  1.0  1.0  1.0  1.0  1.0 99.0
 931.0  597.9  -0.3 -10.3  46.6    4.5   19.7  20.2 193.0   4.0  -85.906  34.867 999.0 999.0  4410.9  1.0  1.0  1.0  1.0  1.0 99.0
 936.0  596.4  -0.4 -10.0  48.2    4.2   19.7  20.1 192.0   4.1  -85.906  34.868 999.0 999.0  4431.2  2.0  2.0  2.0  1.0  1.0 99.0
 941.0  594.9  -0.8 -10.2  48.7    4.2   19.8  20.2 192.0   4.0  -85.906  34.869 999.0 999.0  4451.3  2.0  2.0  2.0  1.0  1.0 99.0
 946.0  593.5  -0.9  -9.9  50.1    4.2   20.0  20.4 192.0   3.9  -85.905  34.870 999.0 999.0  4471.0  1.0  1.0  1.0  1.0  1.0 99.0
 951.0  592.0  -1.1  -9.6  52.2    4.2   20.0  20.4 192.0   4.0  -85.905  34.871 999.0 999.0  4490.9  1.0  1.0  1.0  1.0  1.0 99.0
 956.0  590.5  -1.1  -9.3  53.5    4.2   19.9  20.3 192.0   4.0  -85.905  34.871 999.0 999.0  4510.7  1.0  1.0  1.0  1.0  1.0 99.0
 961.0  589.0  -1.2  -9.4  53.5    4.3   20.1  20.6 192.0   4.0  -85.905  34.872 999.0 999.0  4530.7  2.0  2.0  2.0  1.0  1.0 99.0
 966.0  587.6  -1.5  -9.6  53.7    4.6   19.9  20.4 193.0   3.9  -85.904  34.873 999.0 999.0  4550.4  2.0  2.0  2.0  1.0  1.0 99.0
 971.0  586.1  -1.6  -9.9  53.2    4.6   20.1  20.6 193.0   4.0  -85.904  34.874 999.0 999.0  4570.4  1.0  1.0  1.0  1.0  1.0 99.0
 976.0  584.6  -1.8  -9.9  53.4    4.2   19.9  20.3 192.0   4.0  -85.904  34.875 999.0 999.0  4590.5  1.0  1.0  1.0  1.0  1.0 99.0
 981.0  583.1  -1.9 -10.1  53.5    4.5   19.7  20.2 193.0   4.2  -85.904  34.876 999.0 999.0  4611.4  1.0  1.0  1.0  1.0  1.0 99.0
 986.0  581.5  -2.2 -10.5  52.9    4.5   19.7  20.2 193.0   4.3  -85.903  34.877 999.0 999.0  4632.6  1.0  1.0  1.0  1.0  1.0 99.0
 991.0  580.0  -2.4 -10.6  53.1    4.5   19.7  20.2 193.0   4.2  -85.903  34.878 999.0 999.0  4653.8  1.0  1.0  1.0  1.0  1.0 99.0
 996.0  578.4  -2.5 -10.8  53.0    4.5   19.6  20.1 193.0   4.3  -85.903  34.879 999.0 999.0  4675.4  1.0  1.0  1.0  1.0  1.0 99.0
1001.0  576.8  -2.8 -10.8  53.9    4.8   19.4  20.0 194.0   4.4  -85.903  34.880 999.0 999.0  4697.2  1.0  1.0  1.0  1.0  1.0 99.0
1006.0  575.2  -2.9 -10.9  53.8    4.8   19.3  19.9 194.0   4.3  -85.902  34.880 999.0 999.0  4718.8  1.0  1.0  1.0  1.0  1.0 99.0
1011.0  573.6  -3.1 -11.0  54.4    5.2   19.2  19.9 195.0   4.3  -85.902  34.881 999.0 999.0  4740.4  1.0  1.0  1.0  1.0  1.0 99.0
1016.0  572.1  -3.3 -10.9  55.4    5.2   19.2  19.9 195.0   4.4  -85.902  34.882 999.0 999.0  4762.3  1.0  1.0  1.0  1.0  1.0 99.0
1021.0  570.5  -3.5 -10.8  56.7    5.1   19.0  19.7 195.0   4.4  -85.902  34.883 999.0 999.0  4784.3  1.0  1.0  1.0  1.0  1.0 99.0
1026.0  568.9  -3.7 -10.8  57.7    5.2   19.2  19.9 195.0   4.3  -85.901  34.884 999.0 999.0  4805.6  1.0  1.0  1.0  1.0  1.0 99.0
1031.0  567.4  -3.9 -10.8  58.3    5.4   18.9  19.7 196.0   4.2  -85.901  34.885 999.0 999.0  4826.8  1.0  1.0  1.0  1.0  1.0 99.0
1036.0  565.9  -4.0 -11.0  58.4    5.5   19.1  19.9 196.0   4.2  -85.901  34.885 999.0 999.0  4847.8  1.0  1.0  1.0  1.0  1.0 99.0
1041.0  564.4  -4.2 -11.3  57.6    5.5   19.1  19.9 196.0   4.2  -85.900  34.886 999.0 999.0  4868.6  1.0  1.0  1.0  1.0  1.0 99.0
1046.0  562.9  -4.3 -11.5  57.1    5.8   19.1  20.0 197.0   4.2  -85.900  34.887 999.0 999.0  4889.8  1.0  1.0  1.0  1.0  1.0 99.0
1051.0  561.4  -4.5 -12.0  55.4    5.8   19.1  20.0 197.0   4.3  -85.900  34.888 999.0 999.0  4911.2  1.0  1.0  1.0  1.0  1.0 99.0
1056.0  559.9  -4.6 -12.3  54.8    5.9   19.3  20.2 197.0   4.2  -85.899  34.889 999.0 999.0  4932.3  1.0  1.0  1.0  1.0  1.0 99.0
1061.0  558.3  -4.6 -11.6  58.1    5.9   19.2  20.1 197.0   4.2  -85.899  34.890 999.0 999.0  4953.5  1.0  1.0  1.0  1.0  1.0 99.0
1066.0  556.8  -4.8 -11.8  57.9    6.0   19.5  20.4 197.0   4.3  -85.899  34.891 999.0 999.0  4975.1  1.0  1.0  1.0  1.0  1.0 99.0
1071.0  555.3  -4.9 -12.0  57.3    5.6   19.6  20.4 196.0   4.3  -85.899  34.892 999.0 999.0  4996.7  1.0  1.0  1.0  1.0  1.0 99.0
1076.0  553.8  -5.1 -12.3  56.5    6.0   19.6  20.5 197.0   4.3  -85.898  34.892 999.0 999.0  5018.3  1.0  1.0  1.0  1.0  1.0 99.0
1081.0  552.2  -5.1 -12.8  54.4    5.7   19.8  20.6 196.0   4.4  -85.898  34.893 999.0 999.0  5040.3  1.0  1.0  1.0  1.0  1.0 99.0
1086.0  550.6  -5.2 -13.0  54.2    5.7   19.9  20.7 196.0   4.4  -85.898  34.894 999.0 999.0  5062.4  1.0  1.0  1.0  1.0  1.0 99.0
1091.0  549.1  -5.3 -12.7  55.9    5.7   19.9  20.7 196.0   4.4  -85.897  34.895 999.0 999.0  5084.5  1.0  1.0  1.0  1.0  1.0 99.0
1096.0  547.5  -5.5 -12.8  56.3    5.7   20.0  20.8 196.0   4.5  -85.897  34.896 999.0 999.0  5106.8  1.0  1.0  1.0  1.0  1.0 99.0
1101.0  546.0  -5.7 -13.2  55.5    5.5   20.4  21.1 195.0   4.5  -85.897  34.897 999.0 999.0  5129.4  1.0  1.0  1.0  1.0  1.0 99.0
1106.0  544.4  -6.0 -13.4  55.4    5.8   20.4  21.2 196.0   4.5  -85.896  34.898 999.0 999.0  5152.1  1.0  1.0  1.0  1.0  1.0 99.0
1111.0  542.8  -6.0 -13.9  53.7    5.8   20.4  21.2 196.0   4.6  -85.896  34.899 999.0 999.0  5175.2  1.0  1.0  1.0  1.0  1.0 99.0
1116.0  541.1  -6.1 -14.3  52.4    5.5   20.6  21.3 195.0   4.7  -85.896  34.900 999.0 999.0  5198.8  1.0  1.0  1.0  1.0  1.0 99.0
1121.0  539.5  -6.3 -15.0  49.9    5.6   20.9  21.6 195.0   4.7  -85.895  34.901 999.0 999.0  5222.5  1.0  1.0  1.0  1.0  1.0 99.0
1126.0  537.9  -6.5 -15.5  48.8    5.6   20.8  21.5 195.0   4.7  -85.895  34.902 999.0 999.0  5246.1  1.0  1.0  1.0  1.0  1.0 99.0
1131.0  536.2  -6.8 -15.6  49.2    5.6   20.8  21.5 195.0   4.7  -85.895  34.903 999.0 999.0  5269.8  1.0  1.0  1.0  1.0  1.0 99.0
1136.0  534.6  -7.0 -15.6  50.0    5.6   21.1  21.8 195.0   4.7  -85.894  34.903 999.0 999.0  5293.4  1.0  1.0  1.0  1.0  1.0 99.0
1141.0  533.0  -7.2 -15.5  51.2    5.6   21.1  21.8 195.0   4.7  -85.894  34.904 999.0 999.0  5316.8  1.0  1.0  1.0  1.0  1.0 99.0
1146.0  531.4  -7.4 -16.5  48.1    5.6   21.1  21.8 195.0   4.6  -85.894  34.905 999.0 999.0  5339.9  1.0  1.0  1.0  1.0  1.0 99.0
1151.0  529.9  -7.4 -16.2  48.9    5.3   21.4  22.1 194.0   4.5  -85.894  34.906 999.0 999.0  5362.7  1.0  1.0  1.0  1.0  1.0 99.0
1156.0  528.3  -7.5 -15.8  51.3    5.4   21.5  22.2 194.0   4.5  -85.893  34.907 999.0 999.0  5385.3  1.0  1.0  1.0  1.0  1.0 99.0
1161.0  526.8  -7.7 -16.2  50.3    5.4   21.5  22.2 194.0   4.5  -85.893  34.908 999.0 999.0  5407.8  1.0  1.0  1.0  1.0  1.0 99.0
1166.0  525.3  -7.8 -16.5  49.6    5.0   21.8  22.4 193.0   4.5  -85.893  34.909 999.0 999.0  5430.6  1.0  1.0  1.0  1.0  1.0 99.0
1171.0  523.7  -8.0 -17.3  47.1    5.0   21.8  22.4 193.0   4.6  -85.892  34.910 999.0 999.0  5453.8  1.0  1.0  1.0  1.0  1.0 99.0
1176.0  522.1  -8.2 -17.9  45.4    5.1   22.0  22.6 193.0   4.6  -85.892  34.911 999.0 999.0  5477.0  1.0  1.0  1.0  1.0  1.0 99.0
1181.0  520.5  -8.4 -18.3  44.8    5.5   22.0  22.7 194.0   4.8  -85.892  34.912 999.0 999.0  5500.8  1.0  1.0  1.0  1.0  1.0 99.0
1186.0  518.9  -8.7 -18.4  45.0    5.6   22.4  23.1 194.0   4.9  -85.892  34.913 999.0 999.0  5525.2  1.0  1.0  1.0  1.0  1.0 99.0
1191.0  517.2  -8.8 -18.4  45.6    5.6   22.5  23.2 194.0   5.1  -85.891  34.914 999.0 999.0  5550.6  1.0  1.0  1.0  1.0  1.0 99.0
1196.0  515.5  -9.1 -18.4  46.5    5.7   22.8  23.5 194.0   5.1  -85.891  34.915 999.0 999.0  5576.1  1.0  1.0  1.0  1.0  1.0 99.0
1201.0  513.8  -9.4 -18.5  47.2    6.2   23.0  23.8 195.0   5.1  -85.891  34.916 999.0 999.0  5601.4  1.0  1.0  1.0  1.0  1.0 99.0
1206.0  512.1  -9.5 -18.2  49.0    6.2   23.3  24.1 195.0   5.1  -85.890  34.917 999.0 999.0  5627.2  1.0  1.0  1.0  1.0  1.0 99.0
1211.0  510.4  -9.8 -17.9  51.5    6.7   23.4  24.3 196.0   5.1  -85.890  34.918 999.0 999.0  5652.7  1.0  1.0  1.0  1.0  1.0 99.0
1216.0  508.7  -9.9 -17.6  53.4    7.1   23.3  24.4 197.0   5.1  -85.890  34.919 999.0 999.0  5677.9  1.0  1.0  1.0  1.0  1.0 99.0
1221.0  507.1 -10.1 -16.4  59.8    7.6   23.3  24.5 198.0   5.0  -85.889  34.920 999.0 999.0  5702.9  1.0  1.0  1.0  1.0  1.0 99.0
1226.0  505.5 -10.1 -16.4  60.1    8.0   23.3  24.6 199.0   4.9  -85.889  34.921 999.0 999.0  5727.3  1.0  1.0  1.0  1.0  1.0 99.0
1231.0  503.9 -10.1 -15.6  63.7    8.1   23.5  24.9 199.0   4.8  -85.888  34.923 999.0 999.0  5751.1  1.0  1.0  1.0  1.0  1.0 99.0
1236.0  502.4 -10.1 -15.2  66.4    8.6   23.5  25.0 200.0   4.7  -85.888  34.924 999.0 999.0  5774.3  1.0  1.0  1.0  1.0  1.0 99.0
1241.0  500.9 -10.1 -14.7  68.7    8.6   23.5  25.0 200.0   4.6  -85.887  34.925 999.0 999.0  5797.5  1.0  1.0  1.0  1.0  1.0 99.0
1246.0  499.4 -10.0 -15.0  66.8    8.9   23.2  24.9 201.0   4.6  -85.887  34.926 999.0 999.0  5820.3  1.0  1.0  1.0  1.0  1.0 99.0
1251.0  497.9 -10.0 -15.3  65.1    8.9   23.2  24.9 201.0   4.5  -85.886  34.927 999.0 999.0  5843.0  1.0  1.0  1.0  1.0  1.0 99.0
1256.0  496.5  -9.9 -15.5  63.8    8.9   23.1  24.7 201.0   4.6  -85.886  34.928 999.0 999.0  5865.9  1.0  1.0  1.0  1.0  1.0 99.0
1261.0  495.0 -10.0 -15.8  62.2    9.1   22.6  24.4 202.0   4.6  -85.885  34.929 999.0 999.0  5888.9  1.0  1.0  1.0  1.0  1.0 99.0
1266.0  493.5 -10.2 -15.9  62.6    9.1   22.5  24.3 202.0   4.6  -85.885  34.930 999.0 999.0  5912.0  1.0  1.0  1.0  1.0  1.0 99.0
1271.0  492.0 -10.4 -16.4  61.1    9.0   22.3  24.1 202.0   4.7  -85.884  34.931 999.0 999.0  5935.6  1.0  1.0  1.0  1.0  1.0 99.0
1276.0  490.5 -10.4 -16.8  59.1    9.0   22.3  24.0 202.0   4.8  -85.884  34.932 999.0 999.0  5959.4  1.0  1.0  1.0  1.0  1.0 99.0
1281.0  489.0 -10.3 -17.2  56.9    8.6   22.3  23.9 201.0   4.8  -85.883  34.933 999.0 999.0  5983.3  1.0  1.0  1.0  1.0  1.0 99.0
1286.0  487.5 -10.4 -17.7  55.0    8.5   22.2  23.8 201.0   4.7  -85.883  34.934 999.0 999.0  6006.9  1.0  1.0  1.0  1.0  1.0 99.0
1291.0  486.0 -10.7 -18.0  54.9    8.1   22.2  23.6 200.0   4.7  -85.882  34.935 999.0 999.0  6030.6  1.0  1.0  1.0  1.0  1.0 99.0
1296.0  484.5 -10.9 -18.2  54.4    8.0   22.1  23.5 200.0   4.7  -85.882  34.936 999.0 999.0  6053.9  1.0  1.0  1.0  1.0  1.0 99.0
1301.0  483.0 -11.1 -18.6  53.9    8.0   22.0  23.4 200.0   4.8  -85.882  34.937 999.0 999.0  6077.6  1.0  1.0  1.0  1.0  1.0 99.0
1306.0  481.5 -11.3 -18.8  53.8    8.0   22.0  23.4 200.0   4.8  -85.881  34.938 999.0 999.0  6101.7  1.0  1.0  1.0  1.0  1.0 99.0
1311.0  480.0 -11.5 -18.9  54.3    8.0   21.9  23.3 200.0   4.8  -85.881  34.939 999.0 999.0  6125.9  1.0  1.0  1.0  1.0  1.0 99.0
1316.0  478.4 -11.8 -18.9  55.3    8.0   21.9  23.3 200.0   4.8  -85.880  34.940 999.0 999.0  6150.0  1.0  1.0  1.0  1.0  1.0 99.0
1321.0  476.9 -12.0 -19.0  56.1    8.0   21.9  23.3 200.0   4.8  -85.880  34.941 999.0 999.0  6174.2  1.0  1.0  1.0  1.0  1.0 99.0
1326.0  475.4 -12.2 -19.0  56.5    8.0   21.9  23.3 200.0   4.9  -85.880  34.942 999.0 999.0  6198.7  1.0  1.0  1.0  1.0  1.0 99.0
1331.0  473.9 -12.3 -19.4  55.1    8.0   21.9  23.3 200.0   5.0  -85.879  34.943 999.0 999.0  6223.5  1.0  1.0  1.0  1.0  1.0 99.0
1336.0  472.4 -12.4 -19.9  53.8    8.0   21.9  23.3 200.0   4.9  -85.879  34.944 999.0 999.0  6248.0  1.0  1.0  1.0  1.0  1.0 99.0
1341.0  470.9 -12.7 -20.1  53.5    8.0   22.0  23.4 200.0   4.8  -85.878  34.945 999.0 999.0  6272.0  1.0  1.0  1.0  1.0  1.0 99.0
1346.0  469.4 -12.8 -20.4  53.2    8.0   22.0  23.4 200.0   4.7  -85.878  34.946 999.0 999.0  6295.5  1.0  1.0  1.0  1.0  1.0 99.0
1351.0  468.0 -13.0 -20.2  54.4    8.0   22.1  23.5 200.0   4.6  -85.877  34.947 999.0 999.0  6318.6  1.0  1.0  1.0  1.0  1.0 99.0
1356.0  466.6 -13.1 -20.5  53.8    8.5   22.0  23.6 201.0   4.5  -85.877  34.948 999.0 999.0  6341.2  1.0  1.0  1.0  1.0  1.0 99.0
1361.0  465.2 -13.2 -21.2  51.3    8.5   22.1  23.7 201.0   4.5  -85.876  34.949 999.0 999.0  6363.6  1.0  1.0  1.0  1.0  1.0 99.0
1366.0  463.9 -13.4 -21.4  50.5    8.5   22.2  23.8 201.0   4.5  -85.876  34.950 999.0 999.0  6386.0  1.0  1.0  1.0  1.0  1.0 99.0
1371.0  462.5 -13.5 -21.5  50.7    8.6   22.4  24.0 201.0   4.5  -85.876  34.951 999.0 999.0  6408.3  1.0  1.0  1.0  1.0  1.0 99.0
1376.0  461.1 -13.6 -21.9  49.1    8.6   22.4  24.0 201.0   4.5  -85.875  34.952 999.0 999.0  6431.1  1.0  1.0  1.0  1.0  1.0 99.0
1381.0  459.7 -13.6 -22.6  46.4    8.7   22.6  24.2 201.0   4.6  -85.875  34.953 999.0 999.0  6454.2  1.0  1.0  1.0  1.0  1.0 99.0
1386.0  458.4 -13.8 -23.1  45.3    8.7   22.6  24.2 201.0   4.6  -85.874  34.954 999.0 999.0  6477.0  1.0  1.0  1.0  1.0  1.0 99.0
1391.0  457.0 -14.0 -23.0  46.7    8.7   22.8  24.4 201.0   4.6  -85.874  34.955 999.0 999.0  6500.0  1.0  1.0  1.0  1.0  1.0 99.0
1396.0  455.6 -14.1 -23.1  46.6    9.1   22.5  24.3 202.0   4.6  -85.873  34.956 999.0 999.0  6523.1  1.0  1.0  1.0  1.0  1.0 99.0
1401.0  454.2 -14.3 -23.2  46.7    9.1   22.5  24.3 202.0   4.6  -85.873  34.957 999.0 999.0  6546.1  1.0  1.0  1.0  1.0  1.0 99.0
1406.0  452.8 -14.4 -23.5  46.0    9.1   22.5  24.3 202.0   4.6  -85.872  34.958 999.0 999.0  6569.0  1.0  1.0  1.0  1.0  1.0 99.0
1411.0  451.4 -14.6 -23.7  45.6    9.1   22.5  24.3 202.0   4.6  -85.872  34.959 999.0 999.0  6592.0  1.0  1.0  1.0  1.0  1.0 99.0
1416.0  450.1 -14.8 -23.9  45.6    9.1   22.5  24.3 202.0   4.6  -85.871  34.960 999.0 999.0  6614.8  1.0  1.0  1.0  1.0  1.0 99.0
1421.0  448.8 -14.9 -24.1  45.4    9.1   22.5  24.3 202.0   4.4  -85.871  34.961 999.0 999.0  6637.0  1.0  1.0  1.0  1.0  1.0 99.0
1426.0  447.5 -15.1 -24.0  46.3    9.1   22.6  24.4 202.0   4.4  -85.870  34.962 999.0 999.0  6659.1  1.0  1.0  1.0  1.0  1.0 99.0
1431.0  446.1 -15.1 -23.7  47.9    9.5   22.5  24.4 203.0   4.5  -85.870  34.963 999.0 999.0  6681.4  1.0  1.0  1.0  1.0  1.0 99.0
1436.0  444.8 -15.2 -24.4  45.1    9.5   22.5  24.4 203.0   4.4  -85.869  34.964 999.0 999.0  6703.4  1.0  1.0  1.0  1.0  1.0 99.0
1441.0  443.5 -15.3 -24.6  44.9    9.5   22.5  24.4 203.0   4.4  -85.869  34.965 999.0 999.0  6725.5  1.0  1.0  1.0  1.0  1.0 99.0
1446.0  442.2 -15.3 -24.8  43.9    9.6   22.6  24.5 203.0   4.4  -85.868  34.966 999.0 999.0  6747.5  1.0  1.0  1.0  1.0  1.0 99.0
1451.0  441.0 -15.2 -25.3  41.9    9.6   22.6  24.5 203.0   4.4  -85.868  34.967 999.0 999.0  6769.4  1.0  1.0  1.0  1.0  1.0 99.0
1456.0  439.7 -15.4 -26.2  39.1    9.6   22.6  24.6 203.0   4.3  -85.867  34.968 999.0 999.0  6790.6  1.0  1.0  1.0  1.0  1.0 99.0
1461.0  438.5 -15.4 -26.6  37.8    9.7   22.7  24.7 203.0   4.3  -85.866  34.969 999.0 999.0  6812.1  1.0  1.0  1.0  1.0  1.0 99.0
1466.0  437.3 -15.4 -31.6  23.5    9.7   22.8  24.8 203.0   4.2  -85.866  34.970 999.0 999.0  6833.1  1.0  1.0  1.0  1.0  1.0 99.0
1471.0  436.1 -15.5 -34.0  18.8    9.7   22.9  24.9 203.0   4.2  -85.865  34.971 999.0 999.0  6854.0  1.0  1.0  1.0  1.0  1.0 99.0
1476.0  434.9 -15.6 -35.6  16.1    9.8   23.0  25.0 203.0   4.2  -85.865  34.972 999.0 999.0  6874.8  1.0  1.0  1.0  1.0  1.0 99.0
1481.0  433.7 -15.8 -37.2  14.0    9.8   23.2  25.2 203.0   4.1  -85.864  34.973 999.0 999.0  6895.5  1.0  1.0  1.0  1.0  1.0 99.0
1486.0  432.5 -16.0 -38.9  12.0   10.3   23.1  25.3 204.0   4.0  -85.864  34.974 999.0 999.0  6915.6  1.0  1.0  1.0  1.0  1.0 99.0
1491.0  431.3 -16.2 -38.1  13.2   10.3   23.2  25.4 204.0   4.0  -85.863  34.975 999.0 999.0  6935.9  1.0  1.0  1.0  1.0  1.0 99.0
1496.0  430.2 -16.4 -38.3  13.2   10.4   23.3  25.5 204.0   4.0  -85.863  34.976 999.0 999.0  6955.9  1.0  1.0  1.0  1.0  1.0 99.0
1501.0  429.1 -16.5 -38.9  12.6   10.4   23.4  25.6 204.0   4.0  -85.862  34.977 999.0 999.0  6975.9  1.0  1.0  1.0  1.0  1.0 99.0
1506.0  427.9 -16.7 -39.0  12.6   10.5   23.5  25.7 204.0   4.0  -85.862  34.978 999.0 999.0  6996.0  1.0  1.0  1.0  1.0  1.0 99.0
1511.0  426.8 -16.9 -39.1  12.7   10.5   23.6  25.8 204.0   4.0  -85.861  34.979 999.0 999.0  7016.2  1.0  1.0  1.0  1.0  1.0 99.0
1516.0  425.6 -17.1 -39.0  12.9   10.5   23.7  25.9 204.0   4.0  -85.860  34.980 999.0 999.0  7036.4  1.0  1.0  1.0  1.0  1.0 99.0
1521.0  424.5 -17.2 -39.1  13.0   10.6   23.8  26.0 204.0   4.0  -85.860  34.981 999.0 999.0  7056.5  1.0  1.0  1.0  1.0  1.0 99.0
1526.0  423.3 -17.4 -39.3  13.0   10.6   23.8  26.1 204.0   4.1  -85.859  34.982 999.0 999.0  7077.0  1.0  1.0  1.0  1.0  1.0 99.0
1531.0  422.1 -17.6 -39.6  12.8   11.1   23.7  26.2 205.0   4.2  -85.859  34.984 999.0 999.0  7097.9  1.0  1.0  1.0  1.0  1.0 99.0
1536.0  420.9 -17.8 -39.8  12.7   10.7   24.1  26.4 204.0   4.3  -85.858  34.985 999.0 999.0  7119.4  1.0  1.0  1.0  1.0  1.0 99.0
1541.0  419.7 -18.0 -39.7  13.1   10.8   24.3  26.6 204.0   4.4  -85.857  34.986 999.0 999.0  7141.6  1.0  1.0  1.0  1.0  1.0 99.0
1546.0  418.4 -18.2 -40.6  12.1   10.8   24.3  26.6 204.0   4.6  -85.857  34.987 999.0 999.0  7164.6  1.0  1.0  1.0  1.0  1.0 99.0
1551.0  417.0 -18.4 -41.8  10.9   10.4   24.6  26.7 203.0   4.7  -85.856  34.988 999.0 999.0  7188.3  1.0  1.0  1.0  1.0  1.0 99.0
1556.0  415.6 -18.7 -41.6  11.4   10.4   24.5  26.6 203.0   5.0  -85.856  34.989 999.0 999.0  7213.2  1.0  1.0  1.0  1.0  1.0 99.0
1561.0  414.2 -19.0 -41.7  11.6   10.3   24.3  26.4 203.0   5.1  -85.855  34.990 999.0 999.0  7238.9  1.0  1.0  1.0  1.0  1.0 99.0
1566.0  412.8 -19.3 -42.0  11.5    9.9   24.4  26.3 202.0   5.1  -85.854  34.991 999.0 999.0  7264.6  1.0  1.0  1.0  1.0  1.0 99.0
1571.0  411.4 -19.5 -43.2  10.2    9.8   24.2  26.1 202.0   5.2  -85.854  34.992 999.0 999.0  7290.5  1.0  1.0  1.0  1.0  1.0 99.0
1576.0  409.9 -19.8 -43.3  10.4    9.4   24.4  26.1 201.0   5.1  -85.853  34.993 999.0 999.0  7316.2  1.0  1.0  1.0  1.0  1.0 99.0
1581.0  408.5 -19.9 -45.2   8.5    8.8   24.2  25.8 200.0   5.1  -85.853  34.995 999.0 999.0  7341.9  1.0  1.0  1.0  1.0  1.0 99.0
1586.0  407.1 -19.8 -46.6   7.3    8.4   24.3  25.7 199.0   5.0  -85.852  34.996 999.0 999.0  7367.0  1.0  1.0  1.0  1.0  1.0 99.0
1591.0  405.8 -20.1 -47.0   7.1    8.3   24.0  25.4 199.0   5.0  -85.852  34.997 999.0 999.0  7392.0  1.0  1.0  1.0  1.0  1.0 99.0
1596.0  404.4 -20.3 -46.6   7.5    7.8   23.9  25.1 198.0   4.8  -85.851  34.998 999.0 999.0  7416.1  1.0  1.0  1.0  1.0  1.0 99.0
1601.0  403.2 -20.4 -46.4   7.8    7.3   23.7  24.8 197.0   4.7  -85.851  34.999 999.0 999.0  7439.6  1.0  1.0  1.0  1.0  1.0 99.0
1606.0  401.9 -20.6 -45.6   8.7    6.8   23.6  24.5 196.0   4.7  -85.851  35.000 999.0 999.0  7462.9  1.0  1.0  1.0  1.0  1.0 99.0
1611.0  400.6 -20.8 -43.4  11.3    6.7   23.3  24.2 196.0   4.7  -85.850  35.001 999.0 999.0  7486.3  1.0  1.0  1.0  1.0  1.0 99.0
1616.0  399.4 -21.0 -43.2  11.6    6.6   23.1  24.0 196.0   4.7  -85.850  35.002 999.0 999.0  7509.8  1.0  1.0  1.0  1.0  1.0 99.0
1621.0  398.1 -21.1 -42.7  12.5    6.6   23.1  24.0 196.0   4.7  -85.850  35.003 999.0 999.0  7533.1  1.0  1.0  1.0  1.0  1.0 99.0
1626.0  396.9 -21.4 -42.0  13.6    6.2   23.1  23.9 195.0   4.6  -85.849  35.004 999.0 999.0  7555.9  1.0  1.0  1.0  1.0  1.0 99.0
1631.0  395.6 -21.4 -47.9   7.2    6.2   23.0  23.8 195.0   4.5  -85.849  35.005 999.0 999.0  7578.4  1.0  1.0  1.0  1.0  1.0 99.0
1636.0  394.5 -21.4 -32.7  35.6    6.1   22.8  23.6 195.0   4.4  -85.849  35.006 999.0 999.0  7600.4  1.0  1.0  1.0  1.0  1.0 99.0
1641.0  393.3 -21.6 -33.9  31.9    6.1   22.8  23.6 195.0   4.4  -85.848  35.007 999.0 999.0  7622.3  1.0  1.0  1.0  1.0  1.0 99.0
1646.0  392.1 -21.8 -33.9  32.7    6.1   22.6  23.4 195.0   4.4  -85.848  35.008 999.0 999.0  7644.4  1.0  1.0  1.0  1.0  1.0 99.0
1651.0  390.9 -22.0 -33.8  33.5    6.1   22.7  23.5 195.0   4.5  -85.848  35.009 999.0 999.0  7666.8  1.0  1.0  1.0  1.0  1.0 99.0
1656.0  389.7 -22.2 -33.5  35.1    6.4   22.4  23.3 196.0   4.5  -85.847  35.010 999.0 999.0  7689.2  1.0  1.0  1.0  1.0  1.0 99.0
1661.0  388.6 -22.4 -33.3  36.2    6.4   22.5  23.4 196.0   4.4  -85.847  35.011 999.0 999.0  7711.2  1.0  1.0  1.0  1.0  1.0 99.0
1666.0  387.4 -22.4 -33.6  35.5    6.4   22.5  23.4 196.0   4.5  -85.847  35.012 999.0 999.0  7733.6  1.0  1.0  1.0  1.0  1.0 99.0
1671.0  386.2 -22.3 -38.0  22.6    6.4   22.5  23.4 196.0   4.4  -85.846  35.013 999.0 999.0  7755.8  1.0  1.0  1.0  1.0  1.0 99.0
1676.0  385.1 -22.4 -39.0  20.8    6.4   22.5  23.4 196.0   4.5  -85.846  35.014 999.0 999.0  7778.0  1.0  1.0  1.0  1.0  1.0 99.0
1681.0  383.9 -22.6 -39.4  20.0    6.9   22.5  23.5 197.0   4.4  -85.846  35.015 999.0 999.0  7800.2  1.0  1.0  1.0  1.0  1.0 99.0
1686.0  382.7 -22.7 -40.5  18.2    6.9   22.5  23.5 197.0   4.4  -85.845  35.016 999.0 999.0  7822.4  1.0  1.0  1.0  1.0  1.0 99.0
1691.0  381.6 -22.8 -40.4  18.5    6.9   22.5  23.5 197.0   4.4  -85.845  35.017 999.0 999.0  7844.6  1.0  1.0  1.0  1.0  1.0 99.0
1696.0  380.4 -23.0 -40.5  18.6    7.3   22.4  23.6 198.0   4.5  -85.844  35.018 999.0 999.0  7867.1  1.0  1.0  1.0  1.0  1.0 99.0
1701.0  379.2 -23.2 -40.5  19.0    7.3   22.5  23.7 198.0   4.5  -85.844  35.019 999.0 999.0  7889.6  1.0  1.0  1.0  1.0  1.0 99.0
1706.0  378.1 -23.5 -41.4  17.7    7.3   22.5  23.7 198.0   4.5  -85.844  35.020 999.0 999.0  7912.2  1.0  1.0  1.0  1.0  1.0 99.0
1711.0  376.9 -23.7 -41.8  17.2    7.4   22.6  23.8 198.0   4.5  -85.843  35.021 999.0 999.0  7934.7  1.0  1.0  1.0  1.0  1.0 99.0
1716.0  375.7 -23.9 -41.7  17.6    7.3   22.5  23.7 198.0   4.6  -85.843  35.022 999.0 999.0  7957.6  1.0  1.0  1.0  1.0  1.0 99.0
1721.0  374.5 -24.1 -41.3  18.8    7.4   22.7  23.9 198.0   4.6  -85.842  35.023 999.0 999.0  7980.7  1.0  1.0  1.0  1.0  1.0 99.0
1726.0  373.3 -24.2 -41.5  18.6    7.4   22.6  23.8 198.0   4.6  -85.842  35.024 999.0 999.0  8003.9  1.0  1.0  1.0  1.0  1.0 99.0
1731.0  372.2 -24.4 -42.7  16.8    7.4   22.6  23.8 198.0   4.6  -85.842  35.025 999.0 999.0  8027.0  1.0  1.0  1.0  1.0  1.0 99.0
1736.0  371.0 -24.7 -44.1  14.6    7.4   22.6  23.8 198.0   4.6  -85.841  35.026 999.0 999.0  8050.1  1.0  1.0  1.0  1.0  1.0 99.0
1741.0  369.8 -24.9 -46.0  12.2    7.3   22.5  23.7 198.0   4.6  -85.841  35.027 999.0 999.0  8073.0  1.0  1.0  1.0  1.0  1.0 99.0
1746.0  368.7 -25.1 -48.6   9.2    7.3   22.5  23.7 198.0   4.5  -85.840  35.028 999.0 999.0  8095.5  1.0  1.0  1.0  1.0  1.0 99.0
1751.0  367.5 -25.2 -51.4   6.8    7.3   22.4  23.6 198.0   4.5  -85.840  35.030 999.0 999.0  8117.8  1.0  1.0  1.0  1.0  1.0 99.0
1756.0  366.4 -25.3 -57.9   3.1    6.9   22.5  23.5 197.0   4.4  -85.840  35.031 999.0 999.0  8139.7  1.0  1.0  1.0  1.0  1.0 99.0
1761.0  365.3 -25.4 -54.9   4.6    7.2   22.2  23.3 198.0   4.4  -85.839  35.032 999.0 999.0  8161.7  1.0  1.0  1.0  1.0  1.0 99.0
1766.0  364.2 -25.6 -54.6   4.8    7.2   22.1  23.2 198.0   4.4  -85.839  35.033 999.0 999.0  8183.6  1.0  1.0  1.0  1.0  1.0 99.0
1771.0  363.1 -25.8 -54.1   5.2    7.1   22.0  23.1 198.0   4.4  -85.838  35.034 999.0 999.0  8205.5  1.0  1.0  1.0  1.0  1.0 99.0
1776.0  362.0 -26.0 -53.3   5.8    7.1   21.8  22.9 198.0   4.3  -85.838  35.035 999.0 999.0  8227.0  1.0  1.0  1.0  1.0  1.0 99.0
1781.0  361.0 -26.1 -51.8   7.0    7.0   21.6  22.7 198.0   4.3  -85.838  35.036 999.0 999.0  8248.6  1.0  1.0  1.0  1.0  1.0 99.0
1786.0  359.9 -26.3 -51.7   7.2    6.9   21.3  22.4 198.0   4.3  -85.837  35.037 999.0 999.0  8270.3  1.0  1.0  1.0  1.0  1.0 99.0
1791.0  358.8 -26.4 -51.9   7.2    6.9   21.2  22.3 198.0   4.4  -85.837  35.037 999.0 999.0  8292.2  1.0  1.0  1.0  1.0  1.0 99.0
1796.0  357.7 -26.6 -51.2   7.9    6.8   20.9  22.0 198.0   4.3  -85.837  35.038 999.0 999.0  8313.8  1.0  1.0  1.0  1.0  1.0 99.0
1801.0  356.7 -26.7 -47.7  11.9    6.8   20.8  21.9 198.0   4.3  -85.836  35.039 999.0 999.0  8335.2  1.0  1.0  1.0  1.0  1.0 99.0
1806.0  355.6 -26.9 -43.2  19.8    6.7   20.7  21.8 198.0   4.3  -85.836  35.040 999.0 999.0  8356.7  1.0  1.0  1.0  1.0  1.0 99.0
1811.0  354.5 -27.0 -39.3  30.1    6.7   20.5  21.6 198.0   4.3  -85.836  35.041 999.0 999.0  8378.2  1.0  1.0  1.0  1.0  1.0 99.0
1816.0  353.5 -27.1 -39.8  28.9    6.3   20.6  21.5 197.0   4.3  -85.835  35.042 999.0 999.0  8399.7  1.0  1.0  1.0  1.0  1.0 99.0
1821.0  352.4 -27.2 -43.1  20.6    6.2   20.4  21.3 197.0   4.3  -85.835  35.043 999.0 999.0  8421.4  1.0  1.0  1.0  1.0  1.0 99.0
1826.0  351.4 -27.4 -43.8  19.3    6.2   20.2  21.1 197.0   4.3  -85.834  35.044 999.0 999.0  8443.0  1.0  1.0  1.0  1.0  1.0 99.0
1831.0  350.3 -27.6 -44.8  17.8    6.1   19.9  20.8 197.0   4.4  -85.834  35.045 999.0 999.0  8465.2  1.0  1.0  1.0  1.0  1.0 99.0
1836.0  349.2 -27.7 -45.5  16.6    6.0   19.7  20.6 197.0   4.5  -85.834  35.046 999.0 999.0  8487.8  1.0  1.0  1.0  1.0  1.0 99.0
1841.0  348.1 -28.0 -46.1  16.1    5.8   18.9  19.8 197.0   4.6  -85.833  35.047 999.0 999.0  8510.9  1.0  1.0  1.0  1.0  1.0 99.0
1846.0  346.9 -28.2 -47.0  14.8    5.7   18.6  19.4 197.0   4.8  -85.833  35.048 999.0 999.0  8534.8  1.0  1.0  1.0  1.0  1.0 99.0
1851.0  345.7 -28.3 -50.7   9.7    5.4   17.7  18.5 197.0   5.1  -85.833  35.048 999.0 999.0  8560.3  1.0  1.0  1.0  1.0  1.0 99.0
1856.0  344.4 -28.2 -55.9   5.2    5.5   16.9  17.8 198.0   5.2  -85.833  35.049 999.0 999.0  8586.4  1.0  1.0  1.0  1.0  1.0 99.0
1861.0  343.1 -28.4 -58.4   3.9    5.3   16.4  17.2 198.0   5.5  -85.832  35.050 999.0 999.0  8614.2  1.0  1.0  1.0  1.0  1.0 99.0
1866.0  341.7 -28.4 -57.5   4.4    5.5   15.2  16.2 200.0   5.8  -85.832  35.051 999.0 999.0  8643.3  1.0  1.0  1.0  1.0  1.0 99.0
1871.0  340.3 -28.3 -55.3   5.7    5.3   14.5  15.4 200.0   5.8  -85.832  35.051 999.0 999.0  8672.3  1.0  1.0  1.0  1.0  1.0 99.0
1876.0  338.9 -28.5 -53.9   6.8    5.4   13.4  14.5 202.0   5.7  -85.831  35.052 999.0 999.0  8700.9  1.0  1.0  1.0  1.0  1.0 99.0
1881.0  337.6 -28.5 -52.4   8.2    5.4   12.6  13.7 203.0   5.6  -85.831  35.053 999.0 999.0  8729.1  1.0  1.0  1.0  1.0  1.0 99.0
1886.0  336.3 -28.5 -51.5   9.1    5.5   11.9  13.1 205.0   5.4  -85.831  35.053 999.0 999.0  8756.3  1.0  1.0  1.0  1.0  1.0 99.0
1891.0  335.1 -28.5 -50.9   9.8    5.6   11.0  12.4 207.0   5.1  -85.831  35.054 999.0 999.0  8781.7  1.0  1.0  1.0  1.0  1.0 99.0
1896.0  334.0 -28.5 -50.5  10.2    5.5   10.3  11.7 208.0   4.9  -85.830  35.054 999.0 999.0  8806.3  1.0  1.0  1.0  1.0  1.0 99.0
1901.0  332.9 -28.5 -50.6  10.1    5.8   10.0  11.6 210.0   4.6  -85.830  35.054 999.0 999.0  8829.3  1.0  1.0  1.0  1.0  1.0 99.0
1906.0  331.9 -28.6 -51.0   9.7    5.6    9.3  10.9 211.0   4.4  -85.830  35.055 999.0 999.0  8851.2  1.0  1.0  1.0  1.0  1.0 99.0
1911.0  330.9 -28.8 -51.3   9.5    6.0    9.0  10.8 214.0   4.4  -85.829  35.055 999.0 999.0  8873.3  1.0  1.0  1.0  1.0  1.0 99.0
1916.0  329.8 -28.9 -51.0   9.9    5.9    8.7  10.5 214.0   4.7  -85.829  35.056 999.0 999.0  8896.7  1.0  1.0  1.0  1.0  1.0 99.0
1921.0  328.6 -29.1 -50.7  10.5    5.9    8.2  10.1 216.0   5.0  -85.829  35.056 999.0 999.0  8921.8  1.0  1.0  1.0  1.0  1.0 99.0
1926.0  327.4 -29.3 -50.0  11.6    6.1    8.1  10.1 217.0   5.4  -85.828  35.056 999.0 999.0  8948.8  1.0  1.0  1.0  1.0  1.0 99.0
1931.0  326.1 -29.6 -48.9  13.6    6.1    7.5   9.7 219.0   5.7  -85.828  35.057 999.0 999.0  8977.2  1.0  1.0  1.0  1.0  1.0 99.0
1936.0  324.8 -29.9 -47.5  16.4    6.2    7.4   9.6 220.0   5.8  -85.828  35.057 999.0 999.0  9006.3  1.0  1.0  1.0  1.0  1.0 99.0
1941.0  323.4 -30.2 -46.8  18.2    6.1    7.3   9.5 220.0   5.9  -85.827  35.057 999.0 999.0  9035.7  1.0  1.0  1.0  1.0  1.0 99.0
1946.0  322.1 -30.5 -46.6  19.2    6.2    6.8   9.2 222.0   5.9  -85.827  35.058 999.0 999.0  9065.3  1.0  1.0  1.0  1.0  1.0 99.0
1951.0  320.7 -30.7 -46.1  20.6    6.1    6.6   9.0 223.0   6.0  -85.827  35.058 999.0 999.0  9095.3  1.0  1.0  1.0  1.0  1.0 99.0
1956.0  319.4 -30.8 -45.3  22.8    6.2    6.2   8.7 225.0   5.8  -85.826  35.058 999.0 999.0  9124.3  1.0  1.0  1.0  1.0  1.0 99.0
1961.0  318.1 -31.0 -44.7  24.9    6.3    5.9   8.6 227.0   5.7  -85.826  35.059 999.0 999.0  9152.8  1.0  1.0  1.0  1.0  1.0 99.0
1966.0  316.9 -31.3 -44.8  25.1    6.3    5.4   8.3 229.0   5.5  -85.826  35.059 999.0 999.0  9180.2  1.0  1.0  1.0  1.0  1.0 99.0
1971.0  315.7 -31.6 -44.9  25.7    6.2    5.2   8.1 230.0   5.5  -85.825  35.059 999.0 999.0  9207.5  1.0  1.0  1.0  1.0  1.0 99.0
1976.0  314.5 -31.8 -44.4  27.6    6.3    4.6   7.8 234.0   5.3  -85.825  35.059 999.0 999.0  9234.0  1.0  1.0  1.0  1.0  1.0 99.0
1981.0  313.3 -32.0 -43.9  29.9    6.4    4.1   7.6 237.0   5.3  -85.825  35.060 999.0 999.0  9260.5  1.0  1.0  1.0  1.0  1.0 99.0
1986.0  312.2 -32.3 -43.4  32.2    6.5    3.8   7.5 240.0   5.3  -85.824  35.060 999.0 999.0  9286.9  1.0  1.0  1.0  1.0  1.0 99.0
1991.0  311.0 -32.5 -43.3  33.3    6.9    3.2   7.6 245.0   5.3  -85.824  35.060 999.0 999.0  9313.4  1.0  1.0  1.0  1.0  1.0 99.0
1996.0  309.9 -32.6 -42.7  35.8    7.1    2.7   7.6 249.0   5.2  -85.824  35.060 999.0 999.0  9339.5  1.0  1.0  1.0  1.0  1.0 99.0
2001.0  308.7 -32.7 -41.6  40.5    7.5    2.3   7.8 253.0   5.4  -85.823  35.060 999.0 999.0  9366.3  1.0  1.0  1.0  1.0  1.0 99.0
2006.0  307.5 -32.4 -39.7  48.0    7.6    1.8   7.8 257.0   5.3  -85.823  35.060 999.0 999.0  9392.9  1.0  1.0  1.0  1.0  1.0 99.0
2011.0  306.4 -32.3 -38.3  55.0    7.9    1.4   8.0 260.0   5.0  -85.822  35.060 999.0 999.0  9417.9  1.0  1.0  1.0  1.0  1.0 99.0
2016.0  305.3 -32.4 -37.9  58.0    8.2    1.0   8.3 263.0   5.0  -85.822  35.060 999.0 999.0  9442.8  1.0  1.0  1.0  1.0  1.0 99.0
2021.0  304.3 -32.4 -37.7  59.3    8.5    0.6   8.5 266.0   4.9  -85.821  35.060 999.0 999.0  9467.5  1.0  1.0  1.0  1.0  1.0 99.0
2026.0  303.2 -32.5 -37.8  59.2    8.8    0.5   8.8 267.0   5.0  -85.821  35.060 999.0 999.0  9492.3  1.0  1.0  1.0  1.0  1.0 99.0
2031.0  302.1 -32.6 -38.1  57.9    9.1    0.3   9.1 268.0   4.9  -85.820  35.060 999.0 999.0  9516.8  1.0  1.0  1.0  1.0  1.0 99.0
2036.0  301.1 -32.8 -38.4  57.5    9.3    0.2   9.3 269.0   4.8  -85.820  35.060 999.0 999.0  9540.8  1.0  1.0  1.0  1.0  1.0 99.0
2041.0  300.1 -33.0 -38.5  57.7    9.6    0.2   9.6 269.0   4.5  -85.819  35.060 999.0 999.0  9563.5  1.0  1.0  1.0  1.0  1.0 99.0
2046.0  299.2 -33.2 -38.6  58.1    9.8   -0.2   9.8 271.0   4.4  -85.819  35.060 999.0 999.0  9585.3  1.0  1.0  1.0  1.0  1.0 99.0
2051.0  298.3 -33.4 -38.8  58.4    9.9    0.0   9.9 270.0   4.5  -85.818  35.060 999.0 999.0  9607.6  1.0  1.0  1.0  1.0  1.0 99.0
2056.0  297.3 -33.6 -39.0  58.2   10.2   -0.2  10.2 271.0   4.6  -85.818  35.060 999.0 999.0  9630.5  1.0  1.0  1.0  1.0  1.0 99.0
2061.0  296.3 -33.8 -39.3  57.7   10.3    0.0  10.3 270.0   4.7  -85.817  35.060 999.0 999.0  9653.8  1.0  1.0  1.0  1.0  1.0 99.0
2066.0  295.3 -34.0 -39.6  56.5   10.7    0.0  10.7 270.0   4.9  -85.817  35.060 999.0 999.0  9678.5  1.0  1.0  1.0  1.0  1.0 99.0
2071.0  294.2 -34.2 -40.2  54.5   10.8    0.0  10.8 270.0   5.0  -85.816  35.060 999.0 999.0  9703.4  1.0  1.0  1.0  1.0  1.0 99.0
2076.0  293.1 -34.4 -40.6  53.0   11.2    0.2  11.2 269.0   5.1  -85.816  35.060 999.0 999.0  9728.9  1.0  1.0  1.0  1.0  1.0 99.0
2081.0  292.1 -34.7 -41.2  51.3   11.5    0.2  11.5 269.0   5.0  -85.815  35.060 999.0 999.0  9753.9  1.0  1.0  1.0  1.0  1.0 99.0
2086.0  291.0 -34.7 -41.6  49.8   11.8    0.4  11.8 268.0   5.1  -85.814  35.060 999.0 999.0  9779.3  1.0  1.0  1.0  1.0  1.0 99.0
2091.0  290.0 -34.9 -41.9  49.0   11.9    0.6  11.9 267.0   5.0  -85.814  35.060 999.0 999.0  9804.3  1.0  1.0  1.0  1.0  1.0 99.0
2096.0  289.0 -35.1 -42.2  48.3   12.2    0.9  12.2 266.0   5.0  -85.813  35.060 999.0 999.0  9829.1  1.0  1.0  1.0  1.0  1.0 99.0
2101.0  287.9 -35.3 -42.5  47.8   12.2    0.9  12.2 266.0   5.1  -85.812  35.060 999.0 999.0  9854.7  1.0  1.0  1.0  1.0  1.0 99.0
2106.0  286.9 -35.4 -42.6  47.5   12.2    1.3  12.3 264.0   5.1  -85.811  35.060 999.0 999.0  9880.1  1.0  1.0  1.0  1.0  1.0 99.0
2111.0  285.8 -35.5 -42.8  46.9   12.0    1.3  12.1 264.0   5.1  -85.811  35.060 999.0 999.0  9905.4  1.0  1.0  1.0  1.0  1.0 99.0
2116.0  284.8 -35.7 -43.1  46.8   11.7    1.4  11.8 263.0   5.1  -85.810  35.061 999.0 999.0  9930.7  1.0  1.0  1.0  1.0  1.0 99.0
2121.0  283.7 -36.0 -43.4  46.7   11.2    1.4  11.3 263.0   5.1  -85.809  35.061 999.0 999.0  9956.1  1.0  1.0  1.0  1.0  1.0 99.0
2126.0  282.7 -36.2 -43.5  46.6   10.9    1.7  11.0 261.0   5.2  -85.809  35.061 999.0 999.0  9982.4  1.0  1.0  1.0  1.0  1.0 99.0
2131.0  281.6 -36.2 -43.7  45.6   10.5    1.9  10.7 260.0   5.4  -85.808  35.061 999.0 999.0 10009.4  1.0  1.0  1.0  1.0  1.0 99.0
2136.0  280.4 -36.4 -44.0  45.0   10.0    1.8  10.2 260.0   5.6  -85.808  35.061 999.0 999.0 10037.5  1.0  1.0  1.0  1.0  1.0 99.0
2141.0  279.3 -36.6 -44.5  43.8    9.4    1.8   9.6 259.0   5.6  -85.807  35.061 999.0 999.0 10065.7  1.0  1.0  1.0  1.0  1.0 99.0
2146.0  278.2 -36.9 -44.9  43.1    9.1    1.4   9.2 261.0   5.5  -85.806  35.061 999.0 999.0 10093.3  1.0  1.0  1.0  1.0  1.0 99.0
2151.0  277.0 -37.2 -45.3  43.0    8.6    1.4   8.7 261.0   5.7  -85.806  35.061 999.0 999.0 10121.7  1.0  1.0  1.0  1.0  1.0 99.0
2156.0  275.9 -37.4 -45.5  42.7    8.1    1.3   8.2 261.0   5.9  -85.806  35.061 999.0 999.0 10151.4  1.0  1.0  1.0  1.0  1.0 99.0
2161.0  274.6 -37.8 -45.9  42.5    7.8    1.2   7.9 261.0   6.2  -85.805  35.061 999.0 999.0 10182.5  1.0  1.0  1.0  1.0  1.0 99.0
2166.0  273.4 -38.0 -45.9  43.1    7.3    1.2   7.4 261.0   6.2  -85.805  35.061 999.0 999.0 10213.4  1.0  1.0  1.0  1.0  1.0 99.0
2171.0  272.2 -38.4 -46.1  43.6    7.0    1.0   7.1 262.0   6.1  -85.805  35.061 999.0 999.0 10243.6  1.0  1.0  1.0  1.0  1.0 99.0
2176.0  271.0 -38.6 -46.4  43.6    6.6    0.9   6.7 262.0   5.8  -85.804  35.061 999.0 999.0 10272.7  1.0  1.0  1.0  1.0  1.0 99.0
2181.0  269.9 -38.8 -46.6  43.6    6.7    1.1   6.8 261.0   5.6  -85.804  35.061 999.0 999.0 10300.6  1.0  1.0  1.0  1.0  1.0 99.0
2186.0  268.9 -39.0 -46.8  43.3    6.4    1.0   6.5 261.0   5.3  -85.803  35.061 999.0 999.0 10327.3  1.0  1.0  1.0  1.0  1.0 99.0
2191.0  267.9 -39.2 -47.3  42.1    6.3    1.1   6.4 260.0   5.1  -85.803  35.061 999.0 999.0 10352.9  1.0  1.0  1.0  1.0  1.0 99.0
2196.0  266.9 -39.4 -47.8  40.4    6.1    1.2   6.2 259.0   4.8  -85.803  35.062 999.0 999.0 10376.9  1.0  1.0  1.0  1.0  1.0 99.0
2201.0  266.1 -39.3 -48.0  38.9    6.0    1.4   6.2 257.0   4.5  -85.802  35.062 999.0 999.0 10399.3  1.0  1.0  1.0  1.0  1.0 99.0
2206.0  265.2 -39.3 -48.4  37.7    5.7    1.8   6.0 253.0   4.3  -85.802  35.062 999.0 999.0 10420.7  1.0  1.0  1.0  1.0  1.0 99.0
2211.0  264.4 -39.5 -48.9  36.4    5.8    1.9   6.1 252.0   4.2  -85.802  35.062 999.0 999.0 10441.6  1.0  1.0  1.0  1.0  1.0 99.0
2216.0  263.6 -39.7 -49.1  36.0    5.7    2.1   6.1 250.0   4.0  -85.802  35.062 999.0 999.0 10461.8  1.0  1.0  1.0  1.0  1.0 99.0
2221.0  262.9 -39.7 -49.1  36.3    5.6    2.6   6.2 245.0   4.0  -85.801  35.062 999.0 999.0 10482.0  1.0  1.0  1.0  1.0  1.0 99.0
2226.0  262.1 -39.8 -49.1  36.3    5.6    2.9   6.3 243.0   4.0  -85.801  35.062 999.0 999.0 10502.1  1.0  1.0  1.0  1.0  1.0 99.0
2231.0  261.3 -40.0 -49.3  36.3    5.6    3.3   6.5 239.0   4.1  -85.801  35.062 999.0 999.0 10522.4  1.0  1.0  1.0  1.0  1.0 99.0
2236.0  260.5 -40.2 -49.6  35.5    5.6    3.6   6.7 237.0   4.1  -85.800  35.062 999.0 999.0 10542.8  1.0  1.0  1.0  1.0  1.0 99.0
2241.0  259.8 -40.3 -50.2  34.0    5.7    3.9   6.9 236.0   4.1  -85.800  35.062 999.0 999.0 10563.5  1.0  1.0  1.0  1.0  1.0 99.0
2246.0  259.0 -40.4 -50.7  32.3    5.6    4.4   7.1 232.0   4.2  -85.800  35.063 999.0 999.0 10584.3  1.0  1.0  1.0  1.0  1.0 99.0
2251.0  258.1 -40.6 -51.4  30.4    5.7    4.4   7.2 232.0   4.3  -85.799  35.063 999.0 999.0 10605.6  1.0  1.0  1.0  1.0  1.0 99.0
2256.0  257.3 -40.8 -52.1  28.5    5.7    4.9   7.5 229.0   4.3  -85.799  35.063 999.0 999.0 10627.2  1.0  1.0  1.0  1.0  1.0 99.0
2261.0  256.5 -41.0 -52.9  26.5    5.7    5.0   7.6 229.0   4.4  -85.799  35.063 999.0 999.0 10649.2  1.0  1.0  1.0  1.0  1.0 99.0
2266.0  255.7 -41.1 -53.2  25.8    5.8    5.2   7.8 228.0   4.4  -85.798  35.064 999.0 999.0 10671.0  1.0  1.0  1.0  1.0  1.0 99.0
2271.0  254.9 -41.4 -53.5  25.8    5.9    5.4   8.0 228.0   4.3  -85.798  35.064 999.0 999.0 10692.5  1.0  1.0  1.0  1.0  1.0 99.0
2276.0  254.1 -41.6 -53.6  25.9    6.2    5.8   8.5 227.0   4.3  -85.798  35.064 999.0 999.0 10714.1  1.0  1.0  1.0  1.0  1.0 99.0
2281.0  253.2 -41.7 -53.6  26.3    6.3    5.9   8.6 227.0   4.3  -85.797  35.064 999.0 999.0 10735.7  1.0  1.0  1.0  1.0  1.0 99.0
2286.0  252.4 -41.9 -53.5  27.3    6.8    5.9   9.0 229.0   4.5  -85.797  35.065 999.0 999.0 10758.2  1.0  1.0  1.0  1.0  1.0 99.0
2291.0  251.5 -42.1 -53.2  28.6    7.0    6.1   9.3 229.0   4.8  -85.797  35.065 999.0 999.0 10782.1  1.0  1.0  1.0  1.0  1.0 99.0
2296.0  250.6 -42.2 -52.9  30.4    7.4    5.8   9.4 232.0   5.0  -85.796  35.065 999.0 999.0 10807.2  1.0  1.0  1.0  1.0  1.0 99.0
2301.0  249.6 -42.3 -52.4  32.4    7.6    6.2   9.8 231.0   5.2  -85.796  35.065 999.0 999.0 10833.4  1.0  1.0  1.0  1.0  1.0 99.0
2306.0  248.6 -42.6 -52.2  34.2    8.2    5.7  10.0 235.0   5.5  -85.795  35.066 999.0 999.0 10861.0  1.0  1.0  1.0  1.0  1.0 99.0
2311.0  247.5 -42.8 -51.9  36.1    8.4    6.1  10.4 234.0   5.9  -85.795  35.066 999.0 999.0 10890.4  1.0  1.0  1.0  1.0  1.0 99.0
2316.0  246.4 -42.9 -51.6  37.9    9.0    5.6  10.6 238.0   6.3  -85.794  35.066 999.0 999.0 10922.0  1.0  1.0  1.0  1.0  1.0 99.0
2321.0  245.2 -43.0 -51.3  39.6    9.0    6.1  10.9 236.0   6.6  -85.794  35.067 999.0 999.0 10955.2  1.0  1.0  1.0  1.0  1.0 99.0
2326.0  243.9 -43.4 -51.3  41.2   10.0    6.0  11.7 239.0   6.7  -85.794  35.067 999.0 999.0 10988.5  1.0  1.0  1.0  1.0  1.0 99.0
2331.0  242.8 -43.8 -51.5  42.2   10.5    6.1  12.1 240.0   6.6  -85.793  35.067 999.0 999.0 11021.4  1.0  1.0  1.0  1.0  1.0 99.0
2336.0  241.6 -44.1 -51.6  43.0   10.6    5.9  12.1 241.0   6.6  -85.792  35.067 999.0 999.0 11054.6  1.0  1.0  1.0  1.0  1.0 99.0
2341.0  240.3 -44.3 -51.7  43.6   11.7    5.7  13.0 244.0   6.8  -85.792  35.068 999.0 999.0 11088.6  1.0  1.0  1.0  1.0  1.0 99.0
2346.0  239.1 -44.6 -51.9  43.9   11.8    5.7  13.1 244.0   6.8  -85.791  35.068 999.0 999.0 11122.3  1.0  1.0  1.0  1.0  1.0 99.0
2351.0  237.9 -45.0 -52.3  44.1   12.2    5.5  13.4 246.0   6.7  -85.791  35.068 999.0 999.0 11156.0  1.0  1.0  1.0  1.0  1.0 99.0
2356.0  236.8 -45.3 -52.5  44.2   12.6    5.9  13.9 245.0   6.6  -85.790  35.068 999.0 999.0 11188.9  1.0  1.0  1.0  1.0  1.0 99.0
2361.0  235.6 -45.5 -52.6  44.7   13.2    5.6  14.3 247.0   6.4  -85.789  35.069 999.0 999.0 11220.8  1.0  1.0  1.0  1.0  1.0 99.0
2366.0  234.5 -45.8 -52.7  45.1   13.5    5.5  14.6 248.0   6.3  -85.788  35.069 999.0 999.0 11252.5  1.0  1.0  1.0  1.0  1.0 99.0
2371.0  233.4 -46.0 -53.0  45.4   14.1    5.4  15.1 249.0   6.4  -85.788  35.069 999.0 999.0 11284.3  1.0  1.0  1.0  1.0  1.0 99.0
2376.0  232.3 -46.3 -53.1  45.7   14.6    5.6  15.6 249.0   6.4  -85.787  35.069 999.0 999.0 11316.3  1.0  1.0  1.0  1.0  1.0 99.0
2381.0  231.2 -46.5 -53.5  44.8   15.2    5.5  16.2 250.0   6.3  -85.786  35.070 999.0 999.0 11347.8  1.0  1.0  1.0  1.0  1.0 99.0
2386.0  230.1 -46.9 -54.1  43.1   15.2    5.2  16.1 251.0   6.2  -85.785  35.070 999.0 999.0 11378.8  1.0  1.0  1.0  1.0  1.0 99.0
2391.0  229.0 -47.3 -55.0  40.6   15.7    5.4  16.6 251.0   6.2  -85.784  35.070 999.0 999.0 11409.7  1.0  1.0  1.0  1.0  1.0 99.0
2396.0  228.0 -47.5 -55.7  38.5   16.3    5.3  17.1 252.0   6.1  -85.784  35.070 999.0 999.0 11440.1  1.0  1.0  1.0  1.0  1.0 99.0
2401.0  226.9 -47.7 -56.4  36.2   16.4    5.3  17.2 252.0   6.2  -85.783  35.071 999.0 999.0 11470.8  1.0  1.0  1.0  1.0  1.0 99.0
2406.0  225.9 -47.9 -57.2  33.6   16.8    5.1  17.6 253.0   6.1  -85.782  35.071 999.0 999.0 11501.1  1.0  1.0  1.0  1.0  1.0 99.0
2411.0  224.8 -48.0 -58.0  30.6   17.1    5.2  17.9 253.0   6.0  -85.781  35.071 999.0 999.0 11531.0  1.0  1.0  1.0  1.0  1.0 99.0
2416.0  223.9 -48.4 -59.4  26.9   17.4    5.0  18.1 254.0   5.6  -85.780  35.071 999.0 999.0 11559.1  1.0  1.0  1.0  1.0  1.0 99.0
2421.0  223.0 -48.6 -60.2  24.5   17.6    5.0  18.3 254.0   5.4  -85.779  35.071 999.0 999.0 11585.9  1.0  1.0  1.0  1.0  1.0 99.0
2426.0  222.1 -48.7 -60.7  23.2   17.8    5.4  18.6 253.0   5.1  -85.778  35.072 999.0 999.0 11611.3  1.0  1.0  1.0  1.0  1.0 99.0
2431.0  221.3 -48.9 -61.1  22.8   18.1    5.2  18.8 254.0   5.0  -85.777  35.072 999.0 999.0 11636.2  1.0  1.0  1.0  1.0  1.0 99.0
2436.0  220.4 -49.1 -61.6  21.8   18.0    5.2  18.7 254.0   4.9  -85.776  35.072 999.0 999.0 11660.6  1.0  1.0  1.0  1.0  1.0 99.0
2441.0  219.7 -49.3 -62.2  20.7   18.3    5.2  19.0 254.0   4.6  -85.775  35.072 999.0 999.0 11683.8  1.0  1.0  1.0  1.0  1.0 99.0
2446.0  218.9 -49.5 -62.8  19.4   18.3    5.6  19.1 253.0   4.7  -85.774  35.073 999.0 999.0 11707.1  1.0  1.0  1.0  1.0  1.0 99.0
2451.0  218.1 -49.7 -63.1  19.1   18.2    5.6  19.0 253.0   4.7  -85.773  35.073 999.0 999.0 11730.8  1.0  1.0  1.0  1.0  1.0 99.0
2456.0  217.3 -49.9 -63.4  19.1   18.4    6.0  19.3 252.0   4.7  -85.772  35.073 999.0 999.0 11754.5  1.0  1.0  1.0  1.0  1.0 99.0
2461.0  216.5 -50.1 -63.1  20.1   18.2    5.9  19.1 252.0   4.7  -85.771  35.073 999.0 999.0 11778.0  1.0  1.0  1.0  1.0  1.0 99.0
2466.0  215.7 -50.4 -62.8  21.9   18.2    6.3  19.2 251.0   4.8  -85.770  35.074 999.0 999.0 11802.1  1.0  1.0  1.0  1.0  1.0 99.0
2471.0  214.9 -50.6 -62.3  23.8   18.2    6.3  19.3 251.0   5.0  -85.769  35.074 999.0 999.0 11826.9  1.0  1.0  1.0  1.0  1.0 99.0
2476.0  214.1 -50.9 -61.8  26.2   18.1    6.6  19.3 250.0   5.1  -85.768  35.074 999.0 999.0 11852.4  1.0  1.0  1.0  1.0  1.0 99.0
2481.0  213.2 -51.1 -61.3  28.7   18.1    6.6  19.3 250.0   5.1  -85.767  35.074 999.0 999.0 11878.0  1.0  1.0  1.0  1.0  1.0 99.0
2486.0  212.4 -51.3 -60.9  30.8   18.2    7.0  19.5 249.0   5.3  -85.766  35.075 999.0 999.0 11904.3  1.0  1.0  1.0  1.0  1.0 99.0
2491.0  211.5 -51.5 -60.6  33.0   17.9    7.2  19.3 248.0   5.2  -85.765  35.075 999.0 999.0 11930.3  1.0  1.0  1.0  1.0  1.0 99.0
2496.0  210.7 -51.8 -60.3  35.4   18.1    7.3  19.5 248.0   5.2  -85.764  35.075 999.0 999.0 11956.1  1.0  1.0  1.0  1.0  1.0 99.0
2501.0  209.8 -52.0 -60.2  36.7   17.8    7.5  19.3 247.0   5.2  -85.763  35.076 999.0 999.0 11982.3  1.0  1.0  1.0  1.0  1.0 99.0
2506.0  209.0 -52.2 -60.1  38.2   17.7    7.9  19.4 246.0   5.1  -85.762  35.076 999.0 999.0 12007.9  1.0  1.0  1.0  1.0  1.0 99.0
2511.0  208.2 -52.4 -60.2  38.4   17.6    7.9  19.3 246.0   5.1  -85.761  35.077 999.0 999.0 12033.3  1.0  1.0  1.0  1.0  1.0 99.0
2516.0  207.4 -52.6 -60.4  38.4   17.4    8.1  19.2 245.0   4.8  -85.760  35.077 999.0 999.0 12057.6  1.0  1.0  1.0  1.0  1.0 99.0
2521.0  206.6 -52.8 -60.6  38.1   17.5    8.2  19.3 245.0   4.8  -85.759  35.077 999.0 999.0 12081.6  1.0  1.0  1.0  1.0  1.0 99.0
2526.0  205.9 -53.0 -61.0  37.2   17.4    8.1  19.2 245.0   4.8  -85.758  35.078 999.0 999.0 12105.6  1.0  1.0  1.0  1.0  1.0 99.0
2531.0  205.1 -53.3 -61.4  36.3   17.3    8.5  19.3 244.0   4.9  -85.757  35.078 999.0 999.0 12130.1  1.0  1.0  1.0  1.0  1.0 99.0
2536.0  204.3 -53.5 -61.8  35.5   17.3    8.5  19.3 244.0   4.9  -85.756  35.078 999.0 999.0 12154.6  1.0  1.0  1.0  1.0  1.0 99.0
2541.0  203.5 -53.7 -62.1  35.0   17.4    8.5  19.4 244.0   5.0  -85.755  35.079 999.0 999.0 12179.5  1.0  1.0  1.0  1.0  1.0 99.0
2546.0  202.7 -53.9 -62.3  35.2   17.3    8.8  19.4 243.0   5.1  -85.754  35.079 999.0 999.0 12204.8  1.0  1.0  1.0  1.0  1.0 99.0
2551.0  201.9 -54.2 -62.5  35.3   17.4    8.9  19.5 243.0   5.1  -85.753  35.080 999.0 999.0 12230.1  1.0  1.0  1.0  1.0  1.0 99.0
2556.0  201.1 -54.4 -62.6  35.5   17.3    8.8  19.4 243.0   5.1  -85.752  35.080 999.0 999.0 12255.6  1.0  1.0  1.0  1.0  1.0 99.0
2561.0  200.3 -54.6 -62.9  35.2   17.3    9.2  19.6 242.0   5.0  -85.751  35.080 999.0 999.0 12280.7  1.0  1.0  1.0  1.0  1.0 99.0
2566.0  199.5 -54.8 -63.1  34.9   17.3    9.2  19.6 242.0   5.1  -85.750  35.081 999.0 999.0 12306.3  1.0  1.0  1.0  1.0  1.0 99.0
2571.0  198.8 -55.1 -63.4  34.8   17.3    9.6  19.8 241.0   4.9  -85.749  35.081 999.0 999.0 12331.0  1.0  1.0  1.0  1.0  1.0 99.0
2576.0  198.0 -55.3 -63.6  34.5   17.2    9.6  19.7 241.0   4.9  -85.749  35.082 999.0 999.0 12355.5  1.0  1.0  1.0  1.0  1.0 99.0
2581.0  197.2 -55.4 -63.8  34.5   17.5    9.7  20.0 241.0   4.8  -85.748  35.082 999.0 999.0 12379.3  1.0  1.0  1.0  1.0  1.0 99.0
2586.0  196.5 -55.7 -64.1  34.2   17.4   10.1  20.1 240.0   4.7  -85.747  35.082 999.0 999.0 12403.0  1.0  1.0  1.0  1.0  1.0 99.0
2591.0  195.8 -55.9 -64.3  33.9   17.3   10.4  20.2 239.0   4.6  -85.746  35.083 999.0 999.0 12426.0  1.0  1.0  1.0  1.0  1.0 99.0
2596.0  195.1 -56.0 -64.5  33.9   17.5   10.5  20.4 239.0   4.6  -85.745  35.083 999.0 999.0 12449.1  1.0  1.0  1.0  1.0  1.0 99.0
2601.0  194.4 -56.2 -64.7  33.7   17.4   10.9  20.5 238.0   4.7  -85.744  35.084 999.0 999.0 12472.6  1.0  1.0  1.0  1.0  1.0 99.0
2606.0  193.7 -56.4 -64.8  33.9   17.5   10.9  20.6 238.0   4.6  -85.743  35.084 999.0 999.0 12495.8  1.0  1.0  1.0  1.0  1.0 99.0
2611.0  193.0 -56.6 -64.9  34.3   17.4   11.3  20.8 237.0   4.7  -85.742  35.085 999.0 999.0 12519.1  1.0  1.0  1.0  1.0  1.0 99.0
2616.0  192.2 -56.7 -65.1  33.8   17.5   11.4  20.9 237.0   4.7  -85.741  35.085 999.0 999.0 12542.8  1.0  1.0  1.0  1.0  1.0 99.0
2621.0  191.5 -56.9 -65.4  33.5   17.7   11.5  21.1 237.0   4.8  -85.740  35.086 999.0 999.0 12566.5  1.0  1.0  1.0  1.0  1.0 99.0
2626.0  190.8 -57.1 -65.5  33.7   17.6   11.9  21.2 236.0   4.6  -85.739  35.086 999.0 999.0 12589.7  1.0  1.0  1.0  1.0  1.0 99.0
2631.0  190.1 -57.3 -65.6  34.2   17.7   11.9  21.3 236.0   4.6  -85.738  35.087 999.0 999.0 12612.9  1.0  1.0  1.0  1.0  1.0 99.0
2636.0  189.4 -57.5 -65.9  33.4   17.6   12.3  21.5 235.0   4.7  -85.737  35.087 999.0 999.0 12636.6  1.0  1.0  1.0  1.0  1.0 99.0
2641.0  188.7 -57.7 -66.2  33.2   17.6   12.3  21.5 235.0   4.7  -85.736  35.088 999.0 999.0 12659.9  1.0  1.0  1.0  1.0  1.0 99.0
2646.0  188.0 -57.9 -66.2  33.6   17.8   12.4  21.7 235.0   4.6  -85.735  35.089 999.0 999.0 12683.0  1.0  1.0  1.0  1.0  1.0 99.0
2651.0  187.3 -58.1 -66.5  33.2   17.8   12.4  21.7 235.0   4.6  -85.734  35.089 999.0 999.0 12705.8  1.0  1.0  1.0  1.0  1.0 99.0
2656.0  186.7 -58.3 -66.9  32.5   17.9   12.5  21.8 235.0   4.6  -85.733  35.090 999.0 999.0 12728.7  1.0  1.0  1.0  1.0  1.0 99.0
2661.0  186.0 -58.5 -67.1  32.1   17.9   12.6  21.9 235.0   4.5  -85.732  35.090 999.0 999.0 12751.3  1.0  1.0  1.0  1.0  1.0 99.0
2666.0  185.3 -58.8 -67.5  31.5   17.9   12.6  21.9 235.0   4.5  -85.731  35.091 999.0 999.0 12774.0  1.0  1.0  1.0  1.0  1.0 99.0
2671.0  184.7 -58.9 -67.6  31.4   18.0   12.6  22.0 235.0   4.5  -85.730  35.091 999.0 999.0 12796.4  1.0  1.0  1.0  1.0  1.0 99.0
2676.0  184.0 -59.1 -67.9  31.1   18.3   12.4  22.1 236.0   4.5  -85.729  35.092 999.0 999.0 12818.8  1.0  1.0  1.0  1.0  1.0 99.0
2681.0  183.4 -59.4 -68.2  31.0   18.3   12.4  22.1 236.0   4.4  -85.728  35.093 999.0 999.0 12840.6  1.0  1.0  1.0  1.0  1.0 99.0
2686.0  182.7 -59.5 -68.3  31.0   18.4   12.4  22.2 236.0   4.4  -85.727  35.093 999.0 999.0 12862.8  1.0  1.0  1.0  1.0  1.0 99.0
2691.0  182.1 -59.6 -68.5  30.6   18.4   12.4  22.2 236.0   4.4  -85.726  35.094 999.0 999.0 12884.8  1.0  1.0  1.0  1.0  1.0 99.0
2696.0  181.4 -59.8 -68.8  30.1   18.7   12.1  22.3 237.0   4.4  -85.725  35.094 999.0 999.0 12906.8  1.0  1.0  1.0  1.0  1.0 99.0
2701.0  180.8 -60.0 -68.9  30.4   18.7   12.1  22.3 237.0   4.3  -85.724  35.095 999.0 999.0 12928.5  1.0  1.0  1.0  1.0  1.0 99.0
2706.0  180.2 -60.1 -69.2  29.4   18.8   12.2  22.4 237.0   4.4  -85.723  35.095 999.0 999.0 12950.3  1.0  1.0  1.0  1.0  1.0 99.0
2711.0  179.6 -60.3 -69.7  28.3   19.0   11.9  22.4 238.0   4.3  -85.722  35.096 999.0 999.0 12971.7  1.0  1.0  1.0  1.0  1.0 99.0
2716.0  178.9 -60.5 -70.0  27.8   19.3   12.1  22.8 238.0   4.4  -85.721  35.096 999.0 999.0 12993.6  1.0  1.0  1.0  1.0  1.0 99.0
2721.0  178.3 -60.7 -70.0  28.2   19.4   12.6  23.1 237.0   4.5  -85.720  35.097 999.0 999.0 13015.9  1.0  1.0  1.0  1.0  1.0 99.0
2726.0  177.6 -60.9 -70.4  27.5   19.8   11.9  23.1 239.0   4.7  -85.719  35.098 999.0 999.0 13039.3  1.0  1.0  1.0  1.0  1.0 99.0
2731.0  176.9 -61.0 -70.3  28.2   20.0   12.0  23.3 239.0   4.8  -85.718  35.098 999.0 999.0 13063.5  1.0  1.0  1.0  1.0  1.0 99.0
2736.0  176.2 -61.3 -70.7  28.0   20.3   12.7  23.9 238.0   5.3  -85.717  35.099 999.0 999.0 13089.9  1.0  1.0  1.0  1.0  1.0 99.0
2741.0  175.4 -61.7 -71.1  27.6   21.0   12.6  24.5 239.0   5.5  -85.716  35.099 999.0 999.0 13117.4  1.0  1.0  1.0  1.0  1.0 99.0
2746.0  174.6 -62.0 -71.2  28.1   21.5   11.9  24.6 241.0   5.9  -85.715  35.100 999.0 999.0 13146.7  1.0  1.0  1.0  1.0  1.0 99.0
2751.0  173.7 -62.2 -71.2  29.0   21.7   12.5  25.0 240.0   6.2  -85.713  35.100 999.0 999.0 13177.9  2.0  2.0  2.0  1.0  1.0 99.0
2756.0  172.8 -62.7 -71.6  29.3   22.4   12.4  25.6 241.0   6.3  -85.712  35.101 999.0 999.0 13209.2  2.0  2.0  2.0  1.0  1.0 99.0
2761.0  171.9 -63.0 -71.9  28.8   22.5   12.5  25.7 241.0   6.4  -85.711  35.101 999.0 999.0 13241.4  1.0  1.0  1.0  1.0  1.0 99.0
2766.0  171.0 -63.4 -72.2  29.0   23.0   12.3  26.1 242.0   6.3  -85.710  35.102 999.0 999.0 13272.9  1.0  1.0  1.0  1.0  1.0 99.0
2771.0  170.1 -63.7 -72.4  29.7   23.1   12.8  26.4 241.0   6.3  -85.708  35.103 999.0 999.0 13304.6  1.0  1.0  1.0  1.0  1.0 99.0
2776.0  169.3 -63.7 -72.2  30.6   23.7   12.1  26.6 243.0   6.2  -85.707  35.103 999.0 999.0 13335.6  1.0  1.0  1.0  1.0  1.0 99.0
2781.0  168.5 -64.1 -72.4  31.3   24.1   12.3  27.0 243.0   5.9  -85.706  35.104 999.0 999.0 13365.0  1.0  1.0  1.0  1.0  1.0 99.0
2786.0  167.7 -64.5 -72.5  32.3   24.2   12.3  27.2 243.0   5.7  -85.704  35.104 999.0 999.0 13393.4  1.0  1.0  1.0  1.0  1.0 99.0
2791.0  166.9 -64.8 -72.8  32.3   24.3   12.4  27.3 243.0   5.4  -85.703  35.105 999.0 999.0 13420.4  1.0  1.0  1.0  1.0  1.0 99.0
2796.0  166.2 -64.9 -72.9  32.4   24.6   11.5  27.1 245.0   5.3  -85.702  35.105 999.0 999.0 13447.1  2.0  2.0  2.0  1.0  1.0 99.0
2801.0  165.5 -65.3 -72.8  34.7   24.4   11.9  27.1 244.0   5.3  -85.701  35.106 999.0 999.0 13473.5  2.0  2.0  2.0  1.0  1.0 99.0
2806.0  164.7 -65.5 -72.9  35.0   24.5   12.0  27.3 244.0   5.6  -85.699  35.106 999.0 999.0 13501.5  1.0  1.0  1.0  1.0  1.0 99.0
2811.0  164.0 -65.6 -72.9  35.9   25.2   12.3  28.0 244.0   5.8  -85.698  35.107 999.0 999.0 13530.4  1.0  1.0  1.0  1.0  1.0 99.0
2816.0  163.2 -65.9 -73.2  35.3   25.1   11.7  27.7 245.0   6.0  -85.696  35.107 999.0 999.0 13560.4  1.0  1.0  1.0  1.0  1.0 99.0
2821.0  162.3 -66.2 -73.2  36.6   26.0   12.7  28.9 244.0   6.3  -85.695  35.108 999.0 999.0 13591.7  1.0  1.0  1.0  1.0  1.0 99.0
2826.0  161.4 -66.6 -73.5  37.7   26.0   12.1  28.7 245.0   6.5  -85.694  35.108 999.0 999.0 13624.3  1.0  1.0  1.0  1.0  1.0 99.0
2831.0  160.6 -67.0 -73.8  37.7   26.6   12.4  29.3 245.0   6.5  -85.692  35.109 999.0 999.0 13656.9  2.0  2.0  2.0  1.0  1.0 99.0
2836.0  159.7 -67.5 -74.0  39.3   26.4   12.9  29.4 244.0   6.6  -85.691  35.109 999.0 999.0 13690.0  2.0  2.0  2.0  1.0  1.0 99.0
2841.0  158.8 -67.7 -74.2  38.8   26.7   12.5  29.5 245.0   6.8  -85.689  35.110 999.0 999.0 13724.0  1.0  1.0  1.0  1.0  1.0 99.0
2846.0  157.9 -68.0 -74.5  38.9   27.1   12.6  29.9 245.0   6.6  -85.688  35.111 999.0 999.0 13757.0  1.0  1.0  1.0  1.0  1.0 99.0
2851.0  157.1 -68.1 -74.4  39.8   27.7   12.3  30.3 246.0   6.0  -85.686  35.112 999.0 999.0 13787.1  1.0  1.0  1.0  1.0  1.0 99.0
2856.0  156.4 -68.3 -74.7  39.4   27.9   13.0  30.8 245.0   5.6  -85.685  35.112 999.0 999.0 13815.1  1.0  1.0  1.0  1.0  1.0 99.0
2861.0  155.7 -68.5 -74.8  40.3   28.3   12.6  31.0 246.0   5.2  -85.683  35.113 999.0 999.0 13841.2  1.0  1.0  1.0  1.0  1.0 99.0
2866.0  155.1 -68.7 -74.9  40.0   28.5   13.3  31.5 245.0   5.0  -85.682  35.113 999.0 999.0 13866.2  1.0  1.0  1.0  1.0  1.0 99.0
2871.0  154.4 -69.0 -75.4  38.9   28.6   12.7  31.3 246.0   4.9  -85.680  35.114 999.0 999.0 13890.6  1.0  1.0  1.0  1.0  1.0 99.0
2876.0  153.8 -69.2 -75.9  37.5   29.1   12.9  31.8 246.0   4.9  -85.678  35.114 999.0 999.0 13915.0  1.0  1.0  1.0  1.0  1.0 99.0
2881.0  153.2 -69.4 -76.4  35.5   29.0   12.3  31.5 247.0   4.9  -85.677  35.115 999.0 999.0 13939.5  1.0  1.0  1.0  1.0  1.0 99.0
2886.0  152.5 -69.6 -76.4  36.7   29.3   13.1  32.1 246.0   5.0  -85.675  35.115 999.0 999.0 13964.4  1.0  1.0  1.0  1.0  1.0 99.0
2891.0  151.9 -69.9 -76.7  36.0   29.3   13.1  32.1 246.0   4.9  -85.674  35.116 999.0 999.0 13989.1  1.0  1.0  1.0  1.0  1.0 99.0
2896.0  151.3 -70.1 -77.2  34.4   29.5   13.1  32.3 246.0   4.8  -85.672  35.116 999.0 999.0 14013.0  1.0  1.0  1.0  1.0  1.0 99.0
2901.0  150.7 -70.2 -77.5  33.6   29.7   13.2  32.5 246.0   4.8  -85.670  35.117 999.0 999.0 14037.0  2.0  2.0  2.0  1.0  1.0 99.0
2906.0  150.1 -70.6 -78.0  32.9   30.0   13.3  32.8 246.0   4.8  -85.669  35.118 999.0 999.0 14061.1  2.0  2.0  2.0  1.0  1.0 99.0
2911.0  149.5 -70.7 -78.4  31.3   30.0   13.3  32.8 246.0   4.7  -85.667  35.118 999.0 999.0 14084.8  1.0  1.0  1.0  1.0  1.0 99.0
2916.0  148.9 -70.8 -79.0  29.3   30.2   13.5  33.1 246.0   4.8  -85.665  35.119 999.0 999.0 14109.1  1.0  1.0  1.0  1.0  1.0 99.0
2921.0  148.3 -71.1 -79.5  28.2   30.3   13.5  33.2 246.0   4.6  -85.664  35.119 999.0 999.0 14132.2  1.0  1.0  1.0  1.0  1.0 99.0
2926.0  147.7 -71.3 -80.4  24.9   30.3   14.1  33.4 245.0   4.6  -85.662  35.120 999.0 999.0 14155.3  1.0  1.0  1.0  1.0  1.0 99.0
2931.0  147.1 -71.6 -81.1  23.1   30.2   14.1  33.3 245.0   4.7  -85.660  35.121 999.0 999.0 14179.0  1.0  1.0  1.0  1.0  1.0 99.0
2936.0  146.5 -71.7 -82.2  19.5   29.8   13.9  32.9 245.0   4.8  -85.659  35.121 999.0 999.0 14203.1  1.0  1.0  1.0  1.0  1.0 99.0
2941.0  145.9 -72.0 -82.2  20.5   28.9   14.1  32.2 244.0   4.8  -85.657  35.122 999.0 999.0 14227.2  1.0  1.0  1.0  1.0  1.0 99.0
2946.0  145.3 -72.2 -82.2  20.9   28.3   13.8  31.5 244.0   5.1  -85.655  35.123 999.0 999.0 14252.7  1.0  1.0  1.0  1.0  1.0 99.0
2951.0  144.6 -72.4 -83.1  18.6   28.1   14.3  31.5 243.0   5.4  -85.654  35.123 999.0 999.0 14279.5  1.0  1.0  1.0  1.0  1.0 99.0
2956.0  143.9 -72.5 -83.3  18.4   27.3   14.5  30.9 242.0   5.7  -85.652  35.124 999.0 999.0 14308.0  1.0  1.0  1.0  1.0  1.0 99.0
2961.0  143.2 -72.9 -83.4  19.0   26.8   14.3  30.4 242.0   6.0  -85.650  35.125 999.0 999.0 14338.2  1.0  1.0  1.0  1.0  1.0 99.0
2966.0  142.4 -73.0 -83.3  19.6   25.8   13.7  29.2 242.0   6.3  -85.649  35.125 999.0 999.0 14369.8  1.0  1.0  1.0  1.0  1.0 99.0
2971.0  141.6 -73.1 -83.2  20.4   25.5   13.6  28.9 242.0   6.6  -85.648  35.126 999.0 999.0 14402.8  1.0  1.0  1.0  1.0  1.0 99.0
2976.0  140.8 -73.0 -83.1  20.4   24.2   13.4  27.7 241.0   6.7  -85.647  35.126 999.0 999.0 14436.4  1.0  1.0  1.0  1.0  1.0 99.0
2981.0  140.0 -73.3 -82.6  23.4   23.6   13.1  27.0 241.0   6.9  -85.645  35.127 999.0 999.0 14471.0  1.0  1.0  1.0  1.0  1.0 99.0
2986.0  139.2 -73.5 -82.8  23.2   22.4   13.0  25.9 240.0   6.8  -85.644  35.128 999.0 999.0 14504.9  1.0  1.0  1.0  1.0  1.0 99.0
2991.0  138.4 -73.8 -83.3  22.2   22.0   12.7  25.4 240.0   6.6  -85.643  35.128 999.0 999.0 14537.8  1.0  1.0  1.0  1.0  1.0 99.0
2996.0  137.7 -73.8 -83.3  22.5   21.7   12.5  25.0 240.0   6.2  -85.642  35.129 999.0 999.0 14568.6  1.0  1.0  1.0  1.0  1.0 99.0
3001.0  137.0 -73.9 -82.3  26.7   21.7   12.5  25.0 240.0   5.9  -85.640  35.129 999.0 999.0 14598.4  1.0  1.0  1.0  1.0  1.0 99.0
3006.0  136.3 -73.8 -81.7  28.8   21.7   12.5  25.0 240.0   5.6  -85.639  35.130 999.0 999.0 14626.6  1.0  1.0  1.0  1.0  1.0 99.0
3011.0  135.7 -74.0 -81.9  28.9   21.0   12.2  24.3 240.0   5.3  -85.638  35.130 999.0 999.0 14653.1  1.0  1.0  1.0  1.0  1.0 99.0
3016.0  135.1 -73.9 -81.7  29.9   20.6   12.4  24.0 239.0   5.0  -85.637  35.131 999.0 999.0 14678.1  1.0  1.0  1.0  1.0  1.0 99.0
3021.0  134.5 -74.0 -81.4  31.3   20.1   12.1  23.5 239.0   4.9  -85.636  35.131 999.0 999.0 14702.8  1.0  1.0  1.0  1.0  1.0 99.0
3026.0  134.0 -73.8 -80.8  33.4   20.1   12.6  23.7 238.0   4.7  -85.635  35.132 999.0 999.0 14726.2  1.0  1.0  1.0  1.0  1.0 99.0
3031.0  133.5 -72.8 -79.9  33.1   19.6   12.2  23.1 238.0   4.5  -85.634  35.133 999.0 999.0 14749.0  1.0  1.0  1.0  1.0  1.0 99.0
3036.0  132.9 -72.8 -80.0  33.1   19.4   12.6  23.1 237.0   4.8  -85.633  35.133 999.0 999.0 14772.8  1.0  1.0  1.0  1.0  1.0 99.0
3041.0  132.4 -72.6 -81.0  27.3   18.9   12.3  22.5 237.0   4.8  -85.632  35.134 999.0 999.0 14796.6  1.0  1.0  1.0  1.0  1.0 99.0
3046.0  131.9 -72.3 -82.7  19.8   19.0   12.4  22.7 237.0   4.6  -85.630  35.134 999.0 999.0 14819.7  1.0  1.0  1.0  1.0  1.0 99.0
3051.0  131.3 -72.2 -83.7  16.3   18.7   12.6  22.5 236.0   4.7  -85.630  35.135 999.0 999.0 14843.4  1.0  1.0  1.0  1.0  1.0 99.0
3056.0  130.8 -72.2 -84.9  13.3   18.9   12.3  22.5 237.0   4.8  -85.629  35.136 999.0 999.0 14867.2  1.0  1.0  1.0  1.0  1.0 99.0
3061.0  130.3 -72.3 -85.1  13.2   19.3   12.5  23.0 237.0   5.0  -85.628  35.136 999.0 999.0 14892.0  1.0  1.0  1.0  1.0  1.0 99.0
3066.0  129.7 -72.6 -84.8  14.4   19.8   12.3  23.3 238.0   5.1  -85.627  35.137 999.0 999.0 14917.3  1.0  1.0  1.0  1.0  1.0 99.0
3071.0  129.1 -72.8 -86.4  11.2   20.7   12.4  24.1 239.0   5.3  -85.626  35.137 999.0 999.0 14943.6  1.0  1.0  1.0  1.0  1.0 99.0
3076.0  128.5 -72.5 -85.4  12.7   21.3   12.3  24.6 240.0   5.4  -85.625  35.138 999.0 999.0 14970.5  1.0  1.0  1.0  1.0  1.0 99.0
3081.0  128.0 -69.9 -83.6  11.9   22.4   12.4  25.6 241.0   5.3  -85.624  35.138 999.0 999.0 14996.8  1.0  1.0  1.0  1.0  1.0 99.0
3086.0  127.4 -69.0 -83.4  10.9   23.1   12.3  26.2 242.0   5.2  -85.622  35.139 999.0 999.0 15022.9  1.0  1.0  1.0  1.0  1.0 99.0
3091.0  126.8 -68.0 -83.9   8.7   24.2   12.3  27.2 243.0   5.5  -85.621  35.139 999.0 999.0 15050.3  1.0  1.0  1.0  1.0  1.0 99.0
3096.0  126.3 -67.2 -84.6   6.9   25.2   12.3  28.0 244.0   5.2  -85.620  35.140 999.0 999.0 15076.4  1.0  1.0  1.0  1.0  1.0 99.0