 2021    8   27
IDA         
210400 215718
 -4.29  5.11
213204
    2    5
    0.66   -0.01   -0.02
    0.54   -0.36
    0.66    0.01   -0.02
    0.54   -0.36
    1.00
    0.80
    5.00    2.00
   27.00   37.00
  305.00  128.00
3
firstpass
 3
   10.00   15.00    1.00
    2.00   15.00    0.50
    10.00000    10.00000
    10.00000
   4.00000000       10.0000000    
   0.010   0.000
   4.000  45.000   1.000
   2.000  15.000   0.500
8
1
 50.0
 2
     0.10000     0.10000
     0.10000
RT
N
     5.00000     1.00000     8.00000
  2.00  2.00  0.50
  2  4  2
  1  2  1
    0   18
    0   18
0
  4.00  4.00  1.00
     0.01000
  1000.00000
     0.00000     1.00000     1.00000     1.00000
 15.0
  0.030  0.030  0.030
20210827
230522.546
+0000
1
